      TL{all}     8.276714    0.052693    7.827835    8.722660    8.272694   4869.29   5144.63    1.000
      TL{all}     8.102381    0.056465    7.658797    8.590009    8.097083   5360.42   5469.08    1.000
      TL{all}     8.563735    0.051297    8.129135    9.013082    8.558502   5820.31   6182.41    1.000
      TL{all}     7.976493    0.049413    7.531844    8.398226    7.974227   4746.62   4797.54    1.000
      TL{all}     8.219850    0.047319    7.800798    8.648243    8.217863   5072.36   5179.79    1.000
      TL{all}     5.369669    0.040533    4.982798    5.766960    5.363632   7051.15   7112.76    1.000
      TL{all}     7.313381    0.042158    6.910869    7.715319    7.310294   5878.73   5992.60    1.000
      TL{all}     5.239838    0.044357    4.838487    5.659434    5.233435   4889.40   4916.03    1.000
      TL{all}     6.840748    0.047131    6.408201    7.258133    6.837162   5939.12   6014.87    1.000
      TL{all}     8.983718    0.057601    8.523533    9.457510    8.977990   5431.69   5579.33    1.000
      TL{all}     7.209110    0.041741    6.821662    7.621637    7.205275   5350.71   5512.05    1.000
      TL{all}     3.367069    0.035150    3.008555    3.740900    3.360096   5250.59   5377.36    1.000
      TL{all}     6.196466    0.054527    5.741542    6.655893    6.190275   6218.27   6424.16    1.000
      TL{all}     3.255995    0.024091    2.961165    3.566366    3.251057   6739.29   7041.41    1.000
      TL{all}     9.820843    0.068520    9.314007   10.338610    9.815341   4615.20   4767.20    1.000
      TL{all}     8.735633    0.049798    8.294884    9.168600    8.731726   5815.53   5850.19    1.000
      TL{all}     8.532667    0.059264    8.058265    9.003728    8.528519   3781.81   3975.64    1.000
      TL{all}     5.098094    0.040878    4.710719    5.498974    5.090876   7844.66   7964.20    1.000
      TL{all}     2.995172    0.057249    2.536438    3.467421    2.979705   6341.81   6509.96    1.000
      TL{all}     3.816822    0.031368    3.465576    4.160133    3.810477   5732.98   5910.97    1.000
      TL{all}     8.420282    0.046589    8.001568    8.849696    8.415804   5575.43   5877.17    1.000
      TL{all}     5.227985    0.037280    4.845929    5.599909    5.223200   6102.58   6245.60    1.000
      TL{all}     7.075963    0.052902    6.631559    7.533738    7.068878   6355.22   6585.09    1.000
      TL{all}     5.749628    0.043883    5.344363    6.159410    5.744972   6747.58   6760.71    1.000
      TL{all}     7.107217    0.042192    6.714057    7.515614    7.103100   5201.22   5601.24    1.000
      TL{all}     7.019701    0.056595    6.555783    7.484808    7.012501   5854.86   6022.26    1.000
      TL{all}     7.835178    0.050133    7.392411    8.270030    7.831262   6408.75   6666.89    1.000
      TL{all}     6.949346    0.046571    6.541543    7.390657    6.945154   4991.30   5070.90    1.000
      TL{all}     6.948779    0.056955    6.495393    7.426782    6.942800   6457.93   6979.10    1.000
      TL{all}     6.717736    0.038523    6.342336    7.111108    6.713880   5479.74   5585.72    1.000
      TL{all}     7.710941    0.053887    7.255060    8.161984    7.707474   4363.61   4499.02    1.000
      TL{all}     7.763008    0.048519    7.342876    8.204353    7.758993   5365.66   6034.73    1.000
      TL{all}     6.833206    0.041640    6.436917    7.235560    6.830103   6259.87   6368.37    1.000
      TL{all}     3.642235    0.026077    3.330785    3.961552    3.638580   6872.38   6915.30    1.000
      TL{all}     7.282550    0.036828    6.906887    7.657272    7.279506   5363.76   5862.43    1.000
      TL{all}     3.979794    0.030357    3.639879    4.318668    3.975211   4302.46   4974.51    1.000
      TL{all}     4.517800    0.027065    4.197514    4.839685    4.514354   6074.10   6242.14    1.000
      TL{all}     3.284565    0.022381    2.997545    3.582322    3.277504   4698.78   5049.20    1.000
      TL{all}     4.788997    0.035960    4.424330    5.163747    4.783590   7966.36   8028.11    1.000
      TL{all}     5.354358    0.036472    4.981024    5.725511    5.349320   5702.14   5862.73    1.000
      TL{all}     8.744712    0.056040    8.280250    9.206105    8.740210   4165.39   4517.53    1.000
      TL{all}     5.395580    0.033592    5.045624    5.762047    5.392093   6129.69   6172.13    1.000
      TL{all}     8.504479    0.055029    8.041583    8.958774    8.500180   4180.06   4317.05    1.000
      TL{all}     9.185400    0.055559    8.734547    9.652511    9.182283   4519.40   5308.74    1.000
      TL{all}     7.496627    0.043245    7.101201    7.913057    7.492648   5984.09   6698.10    1.000
      TL{all}     5.604638    0.035068    5.222858    5.958598    5.600937   7656.82   7662.40    1.000
      TL{all}     6.281277    0.033181    5.925461    6.638556    6.277868   6273.89   6301.90    1.000
      TL{all}     5.072655    0.039342    4.684917    5.462028    5.066321   5843.60   5913.82    1.000
      TL{all}     7.285917    0.046422    6.855670    7.697572    7.282523   5835.27   5888.30    1.000
      TL{all}     7.024451    0.041491    6.626387    7.420677    7.020044   4927.24   5151.76    1.000
      TL{all}     4.812652    0.036519    4.433895    5.182839    4.805007   4984.63   5036.15    1.000
      TL{all}     4.613869    0.037308    4.241012    4.997191    4.608192   5536.48   5585.65    1.000
      TL{all}     4.140479    0.036044    3.769506    4.511007    4.135245   6701.38   6964.95    1.000
      TL{all}     6.164160    0.038976    5.778244    6.550675    6.160616   6284.20   6371.63    1.000
      TL{all}     6.353027    0.037026    5.989603    6.737849    6.350344   6527.35   6584.64    1.000
      TL{all}     6.203476    0.037334    5.821932    6.577278    6.201287   5825.22   6053.18    1.000
      TL{all}     9.443571    0.062715    8.960135    9.939173    9.439399   5146.06   5614.81    1.000
      TL{all}     4.686509    0.031639    4.342777    5.040051    4.681423   6896.01   6998.69    1.000
      TL{all}     5.101317    0.038047    4.719675    5.483881    5.095407   7212.49   7259.67    1.000
      TL{all}     6.489062    0.041256    6.098032    6.899778    6.486223   5513.33   5529.94    1.000
      TL{all}     3.320021    0.033146    2.971663    3.683276    3.310278   4866.50   4926.58    1.000
      TL{all}     7.049988    0.041081    6.662862    7.454449    7.046103   4499.65   4689.36    1.000
      TL{all}     4.809585    0.029055    4.479102    5.139585    4.805924   6612.69   6707.61    1.000
      TL{all}     9.448228    0.061695    8.967718    9.940306    9.443932   5415.46   5454.71    1.000
      TL{all}     8.867364    0.055085    8.415204    9.337165    8.864742   5592.88   5600.42    1.000
      TL{all}     9.166747    0.069823    8.637322    9.667128    9.162179   5220.59   5278.68    1.000
      TL{all}     4.659311    0.045099    4.242819    5.070799    4.653737   5185.76   6109.76    1.000
      TL{all}     5.523024    0.050428    5.097498    5.974653    5.515942   6061.00   6208.90    1.000
      TL{all}     6.573477    0.047443    6.151197    7.000782    6.568382   7315.47   7359.68    1.000
      TL{all}     6.293782    0.042956    5.890455    6.702355    6.290861   7359.25   7499.16    1.000
      TL{all}     6.885412    0.038104    6.501765    7.267733    6.882200   5776.97   6050.84    1.000
      TL{all}     7.281276    0.058388    6.808694    7.757167    7.274146   6601.31   6770.15    1.000
      TL{all}     8.871191    0.057342    8.409182    9.340849    8.868863   4653.57   5695.17    1.000
      TL{all}     5.485514    0.041363    5.096556    5.891934    5.480967   5854.72   6244.82    1.000
      TL{all}     5.419874    0.035909    5.039752    5.782649    5.416599   5740.93   6348.76    1.000
      TL{all}     2.916962    0.052625    2.484935    3.375267    2.903452   7223.31   7426.95    1.000
      TL{all}     8.481643    0.054567    8.023558    8.938090    8.478133   5457.64   5750.90    1.000
      TL{all}     3.633098    0.024965    3.338388    3.958585    3.629038   7709.41   7799.93    1.000
      TL{all}     7.666257    0.046649    7.257001    8.096894    7.660584   5712.58   5813.60    1.000
      TL{all}     4.707046    0.032011    4.360736    5.062203    4.703177   8289.05   8443.26    1.000
      TL{all}     7.866023    0.052013    7.421640    8.310980    7.861615   6361.32   6595.44    1.000
      TL{all}     9.310518    0.059311    8.835992    9.794599    9.308566   5832.47   6152.98    1.000
      TL{all}     7.510534    0.047596    7.092159    7.947519    7.506965   5088.17   5278.92    1.000
      TL{all}     6.898009    0.047996    6.476880    7.329304    6.892561   5274.02   5313.88    1.000
      TL{all}     5.238087    0.042644    4.828706    5.636374    5.233565   7350.14   7570.04    1.000
      TL{all}     7.634491    0.046292    7.205400    8.050999    7.631985   6410.52   6720.29    1.000
      TL{all}     6.331995    0.047177    5.904469    6.751800    6.324969   5806.94   6290.16    1.000
      TL{all}     5.503909    0.049324    5.071292    5.940840    5.498070   5648.54   5847.00    1.000
      TL{all}     5.213301    0.034830    4.853586    5.585181    5.209140   5952.21   6107.01    1.000
      TL{all}     6.059455    0.041568    5.662856    6.464548    6.055290   7506.51   7751.47    1.000
      TL{all}     8.634505    0.058603    8.172600    9.117789    8.629889   4577.78   4966.51    1.000
      TL{all}     8.425993    0.058169    7.951255    8.893671    8.421197   6409.52   6570.68    1.000
      TL{all}    10.587068    0.082882   10.011100   11.134430   10.582560   4385.32   4508.98    1.000
      TL{all}     4.994909    0.055685    4.539791    5.459674    4.985718   6313.29   6323.23    1.000
      TL{all}     8.682107    0.055806    8.235638    9.164029    8.677711   6021.53   6429.66    1.000
      TL{all}     9.972874    0.065465    9.490153   10.490340    9.970088   4677.51   4876.22    1.000
      TL{all}     4.390710    0.025455    4.071920    4.697855    4.388169   5247.41   5355.96    1.000
      TL{all}     5.481569    0.035449    5.110949    5.847409    5.477129   5030.90   5539.40    1.000
      TL{all}     8.204957    0.058624    7.732386    8.676659    8.201362   5282.84   5303.83    1.000
      TL{all}     6.128491    0.040380    5.740024    6.524424    6.123021   4614.12   4977.30    1.000
