      TL          8.350888    0.024581    8.052000    8.660479    8.347375   3105.17   3239.22    1.000
      TL          8.068229    0.026943    7.745562    8.388905    8.064373   3629.69   3659.75    1.000
      TL          8.241501    0.020135    7.961788    8.517721    8.240227   4571.81   4988.04    1.000
      TL          8.023055    0.021751    7.737778    8.312957    8.020919   3808.38   3884.13    1.000
      TL          8.675940    0.023474    8.389050    8.990019    8.673831   4611.36   4998.78    1.000
      TL          5.199668    0.017107    4.946467    5.457523    5.196830   6720.06   7345.15    1.000
      TL          7.457822    0.019609    7.184082    7.732929    7.456432   4331.21   4378.24    1.000
      TL          5.090003    0.018031    4.828004    5.351984    5.086375   6067.85   6275.38    1.000
      TL          6.643011    0.020398    6.369448    6.928758    6.640874   5406.11   5799.88    1.000
      TL          9.104021    0.025964    8.794678    9.427312    9.102352   4604.30   4977.53    1.000
      TL          7.313120    0.019610    7.033184    7.584507    7.311356   3827.29   4244.31    1.000
      TL          3.665512    0.017730    3.406016    3.924325    3.661347   5545.85   5800.74    1.000
      TL          5.756182    0.021082    5.479523    6.046694    5.753662   5958.64   6040.59    1.000
      TL          3.715384    0.012935    3.497972    3.942380    3.712893   7364.69   7387.03    1.000
      TL          9.625301    0.029351    9.284775    9.954768    9.622262   4619.81   4636.48    1.000
      TL          9.094046    0.024541    8.796884    9.409343    9.092107   4768.22   4798.39    1.000
      TL          8.191102    0.025309    7.876271    8.501094    8.187146   2917.67   3000.58    1.001
      TL          4.981925    0.017415    4.723023    5.241954    4.979455   8109.15   8469.90    1.000
      TL          2.869128    0.016449    2.623614    3.124037    2.863434   9383.40   9528.83    1.000
      TL          4.182891    0.017324    3.926902    4.440182    4.179262   5973.46   5974.82    1.000
      TL          8.312605    0.020686    8.027903    8.590464    8.311135   3722.22   4031.50    1.000
      TL          5.415075    0.017947    5.156348    5.679646    5.412875   5919.26   5924.76    1.000
      TL          7.171287    0.025123    6.869214    7.486389    7.169096   4913.31   5442.58    1.000
      TL          5.375117    0.015705    5.136959    5.627507    5.372186   6870.35   7587.55    1.000
      TL          7.146807    0.018232    6.879002    7.408428    7.145760   4113.39   4233.56    1.000
      TL          6.880528    0.025373    6.582954    7.205058    6.876912   5022.09   5297.20    1.000
      TL          8.265664    0.026279    7.946392    8.580147    8.262902   5138.12   5717.13    1.000
      TL          7.122666    0.021015    6.842137    7.408757    7.121979   4191.25   4313.74    1.000
      TL          6.481229    0.021347    6.199418    6.766368    6.479108   5836.11   6141.20    1.000
      TL          6.447944    0.015228    6.211682    6.694805    6.446912   4812.50   4875.88    1.000
      TL          7.581457    0.023392    7.287020    7.886670    7.578550   3580.74   3625.15    1.000
      TL          7.865614    0.022209    7.577417    8.162561    7.863908   5901.16   6196.33    1.000
      TL          6.648602    0.018000    6.395895    6.919608    6.645861   4033.14   4252.01    1.000
      TL          4.055572    0.013670    3.834443    4.296321    4.053280   7604.77   7969.72    1.000
      TL          7.446893    0.017202    7.188623    7.701482    7.444092   3651.22   3655.18    1.000
      TL          3.973566    0.012965    3.750492    4.194903    3.970853   6159.87   6278.62    1.000
      TL          4.661810    0.012659    4.449466    4.890949    4.658692   4380.52   4413.25    1.000
      TL          3.606435    0.010798    3.406705    3.809224    3.603498   3986.04   4168.41    1.000
      TL          4.580998    0.014814    4.342069    4.816090    4.578295   9020.60   9048.33    1.000
      TL          5.363237    0.015873    5.122612    5.616366    5.360886   5026.64   5154.34    1.000
      TL          8.751602    0.025310    8.440429    9.065172    8.747204   2984.01   3242.01    1.000
      TL          5.581860    0.016024    5.335974    5.831047    5.579161   5348.63   5508.75    1.000
      TL          8.676908    0.025890    8.369206    9.001458    8.674430   3263.31   3470.69    1.000
      TL          9.276046    0.025018    8.968176    9.588694    9.273993   4350.87   4429.79    1.000
      TL          7.952377    0.022436    7.665426    8.256792    7.950928   6056.84   6315.39    1.000
      TL          5.530734    0.015459    5.296723    5.782698    5.528875   5901.08   6384.62    1.000
      TL          6.309965    0.014061    6.085552    6.548108    6.307959   4472.36   4670.05    1.000
      TL          4.903100    0.016495    4.658748    5.162886    4.899605   4730.67   4907.82    1.000
      TL          7.134391    0.021361    6.851988    7.424384    7.132355   4472.21   4834.85    1.000
      TL          7.084495    0.017965    6.817090    7.341787    7.082082   3814.54   4012.36    1.000
      TL          4.964695    0.016393    4.721897    5.221879    4.962124   6363.69   6661.85    1.000
      TL          4.886629    0.018082    4.616937    5.142929    4.883556   6607.12   7468.74    1.000
      TL          4.253089    0.014107    4.019408    4.483813    4.250061   7648.88   7873.12    1.000
      TL          6.577407    0.021653    6.295037    6.869228    6.574619   4004.35   4157.44    1.000
      TL          6.567684    0.017879    6.309635    6.834910    6.565053   5274.04   5726.46    1.000
      TL          6.191848    0.016654    5.939526    6.444573    6.189992   4267.96   4270.91    1.001
      TL          9.491191    0.027895    9.157145    9.812124    9.489120   5049.93   5141.04    1.000
      TL          4.995788    0.014866    4.756361    5.232460    4.993686   8975.14   9097.76    1.000
      TL          5.152839    0.017592    4.891030    5.409592    5.149293   6930.30   7540.51    1.000
      TL          6.869413    0.020168    6.598837    7.156579    6.866730   3740.20   4012.30    1.000
      TL          3.259708    0.012153    3.047956    3.476051    3.256794   5352.31   5933.77    1.000
      TL          7.431073    0.020838    7.144840    7.711535    7.428832   3466.87   3737.74    1.001
      TL          5.023200    0.013641    4.795499    5.252791    5.022447   5643.55   6168.09    1.000
      TL          9.244816    0.026612    8.929054    9.570356    9.242455   4450.03   4528.42    1.000
      TL          8.625941    0.023983    8.323566    8.931329    8.623765   4569.95   4635.66    1.000
      TL          8.901310    0.028324    8.574280    9.233230    8.898751   4496.90   4912.36    1.000
      TL          4.290415    0.014326    4.054006    4.524705    4.287575   9641.07  10114.80    1.000
      TL          5.351566    0.018937    5.089319    5.629705    5.347423   6715.42   6795.42    1.000
      TL          6.692614    0.022504    6.394277    6.980512    6.690183   7877.10   7907.89    1.000
      TL          6.479284    0.020235    6.199223    6.758119    6.477761   7421.14   7638.44    1.000
      TL          6.943548    0.016857    6.691006    7.199134    6.941190   4436.32   4644.57    1.000
      TL          6.788011    0.021899    6.503043    7.081256    6.785639   6558.22   6813.86    1.000
      TL          8.397774    0.022351    8.101591    8.683084    8.396253   6435.99   6473.75    1.000
      TL          5.683821    0.019481    5.417393    5.967898    5.681495   6497.90   6563.77    1.000
      TL          5.226168    0.014374    4.996720    5.463456    5.224381   8075.69   8310.37    1.000
      TL          2.745060    0.014026    2.514864    2.977861    2.741139  11530.68  11999.50    1.000
      TL          8.239819    0.023555    7.930953    8.531891    8.237004   4270.25   4370.36    1.000
      TL          3.691404    0.010927    3.489672    3.896099    3.689582   9894.23  10164.46    1.000
      TL          7.775454    0.021187    7.491323    8.062701    7.774291   4885.92   5146.17    1.000
      TL          5.120594    0.016995    4.868446    5.379837    5.117783   8902.67   9153.99    1.000
      TL          7.699396    0.022319    7.404241    7.989833    7.697661   4391.26   4833.78    1.000
      TL          9.270105    0.025745    8.951741    9.575155    9.268133   4824.67   5280.63    1.000
      TL          7.241537    0.019537    6.959911    7.508094    7.239408   3586.10   3711.42    1.000
      TL          7.067770    0.022303    6.776191    7.358512    7.065290   4080.42   4433.45    1.000
      TL          5.348079    0.019893    5.077776    5.628864    5.344624   8432.82   8693.34    1.000
      TL          7.608013    0.020912    7.327643    7.893838    7.605133   5965.52   6011.92    1.000
      TL          6.211808    0.020206    5.942503    6.500211    6.208536   5343.40   5344.58    1.000
      TL          5.141410    0.018339    4.879925    5.406018    5.139351   7393.54   7851.82    1.000
      TL          5.165147    0.015425    4.925985    5.410738    5.162937   5523.17   5576.67    1.000
      TL          6.259905    0.020540    5.978281    6.538730    6.256674   6426.98   6823.07    1.000
      TL          8.593118    0.025599    8.272258    8.898730    8.590240   4085.40   4094.75    1.000
      TL          8.037553    0.023719    7.741285    8.345384    8.034854   6250.81   6494.21    1.000
      TL         10.347634    0.035856    9.971691   10.713960   10.345300   3864.26   4045.69    1.000
      TL          4.656925    0.019773    4.390754    4.938576    4.652930   7535.34   7857.19    1.000
      TL          8.314432    0.022563    8.020723    8.606450    8.312055   5847.81   6147.65    1.000
      TL          9.626078    0.027613    9.308473    9.957771    9.622840   5122.01   5253.42    1.000
      TL          4.465978    0.010417    4.262479    4.660399    4.464403   5144.95   5194.33    1.000
      TL          5.376128    0.013970    5.147460    5.608835    5.373984   6716.15   6739.96    1.000
      TL          8.282909    0.028477    7.964068    8.622592    8.280035   3193.24   3338.43    1.000
      TL          6.598737    0.021385    6.323310    6.895536    6.595719   4151.74   4672.15    1.000
