      TL          8.256425    0.037515    7.876935    8.633672    8.252902   3208.80   3690.42    1.000
      TL          7.995135    0.040183    7.608514    8.394696    7.991057   4272.74   4345.37    1.000
      TL          8.239839    0.031234    7.894827    8.583446    8.238924   5680.51   6340.97    1.000
      TL          7.903792    0.031628    7.563816    8.259248    7.900585   4127.30   4248.51    1.000
      TL          8.839265    0.042860    8.447210    9.254371    8.834855   4822.20   5379.85    1.000
      TL          5.085006    0.028340    4.749224    5.409564    5.081478   7734.70   7996.75    1.000
      TL          7.534411    0.033013    7.168159    7.882448    7.531125   5167.67   5273.98    1.000
      TL          5.040469    0.028809    4.710481    5.376722    5.036008   6348.42   6464.79    1.000
      TL          6.633441    0.033426    6.273196    6.991439    6.629322   6074.17   6315.80    1.000
      TL          9.114248    0.044072    8.706875    9.526598    9.109244   5720.79   5829.00    1.000
      TL          7.351693    0.031566    7.005715    7.699580    7.348855   6066.77   6173.76    1.000
      TL          3.645237    0.019726    3.379514    3.925792    3.640738   5634.52   6007.62    1.000
      TL          5.638267    0.032016    5.290616    5.992090    5.633352   6941.24   6955.52    1.000
      TL          3.660617    0.017789    3.410559    3.931664    3.656568   8175.05   8372.17    1.000
      TL          9.701387    0.047485    9.273434   10.133700    9.699013   3975.65   4733.00    1.000
      TL          9.117574    0.041986    8.717794    9.519536    9.113324   4549.13   4634.54    1.000
      TL          8.117240    0.035413    7.754771    8.488271    8.113850   3529.80   3613.44    1.000
      TL          4.927947    0.025858    4.617797    5.242533    4.923778   8614.15   8840.21    1.000
      TL          2.885069    0.024659    2.586271    3.198287    2.877426  13028.10  13399.00    1.000
      TL          4.122278    0.022120    3.832945    4.414283    4.117034   7766.62   7832.97    1.000
      TL          8.354110    0.031758    8.008426    8.702194    8.352050   4659.19   4867.83    1.000
      TL          5.429729    0.027571    5.109447    5.763182    5.423520   6723.97   6826.60    1.000
      TL          6.911504    0.034859    6.543429    7.273692    6.907626   7338.77   7357.67    1.000
      TL          5.343199    0.023375    5.055719    5.651540    5.338756   7808.23   7961.78    1.000
      TL          7.094659    0.029287    6.769732    7.438607    7.091262   4289.58   4512.59    1.000
      TL          6.876120    0.036891    6.494758    7.243957    6.871752   5750.48   5755.54    1.000
      TL          8.435425    0.049830    8.003686    8.876067    8.432633   5089.82   5251.87    1.000
      TL          7.204448    0.033072    6.846759    7.559383    7.201273   5021.65   5304.51    1.000
      TL          6.692552    0.037297    6.305773    7.060445    6.688856   7611.16   7646.03    1.000
      TL          6.566513    0.024917    6.266578    6.882312    6.562958   5001.96   5061.73    1.000
      TL          7.452351    0.032406    7.098361    7.800657    7.448892   3939.18   4192.27    1.000
      TL          7.900307    0.035375    7.535335    8.273674    7.895737   6376.94   6447.17    1.000
      TL          6.646260    0.027171    6.321394    6.969568    6.642949   5737.80   5875.42    1.000
      TL          4.101476    0.020347    3.826165    4.382246    4.097924   7352.88   7622.79    1.000
      TL          7.566526    0.029332    7.228977    7.898009    7.564014   3389.11   3876.00    1.000
      TL          3.886994    0.018727    3.619359    4.154338    3.883354   5988.30   6309.88    1.000
      TL          4.715302    0.021202    4.439240    5.007468    4.710408   4468.81   4487.65    1.000
      TL          3.518041    0.013897    3.298397    3.760305    3.514924   4676.23   4883.91    1.000
      TL          4.732752    0.024743    4.423889    5.041212    4.728534   9006.06   9070.78    1.000
      TL          5.440353    0.028623    5.115562    5.777531    5.436459   4794.36   5032.51    1.000
      TL          8.816905    0.040028    8.425423    9.206836    8.813771   3316.25   3327.24    1.000
      TL          5.560723    0.023581    5.262779    5.862409    5.557481   5789.02   6074.12    1.000
      TL          8.505362    0.036389    8.128673    8.873530    8.501701   3688.41   3727.48    1.000
      TL          8.998244    0.039419    8.612222    9.394675    8.995883   4147.24   4219.80    1.000
      TL          8.086845    0.040003    7.694133    8.480099    8.082667   4591.00   4817.26    1.000
      TL          5.636579    0.025114    5.325969    5.943245    5.632218   5840.17   6394.51    1.000
      TL          6.326935    0.021882    6.040314    6.619777    6.324012   4898.57   5070.90    1.000
      TL          4.797138    0.023406    4.501495    5.099162    4.793847   6559.40   6700.39    1.000
      TL          6.917972    0.029838    6.588223    7.259436    6.914368   4824.32   5113.65    1.000
      TL          7.065196    0.026206    6.745657    7.381019    7.062363   3761.51   4002.66    1.000
      TL          4.870835    0.022266    4.579957    5.162106    4.866216   8777.47   8792.64    1.000
      TL          4.803165    0.027633    4.477801    5.128128    4.797765   9982.77  10269.94    1.000
      TL          4.336329    0.022476    4.049493    4.633793    4.332018   9057.77   9098.16    1.000
      TL          6.622380    0.028978    6.296536    6.962939    6.619215   6679.92   7258.65    1.000
      TL          6.836067    0.032637    6.478681    7.185939    6.832492   6643.08   7054.15    1.000
      TL          6.101370    0.024452    5.801088    6.408607    6.097824   4189.03   4739.29    1.000
      TL          9.507975    0.047364    9.068460    9.919327    9.503414   5051.56   5311.71    1.000
      TL          4.899581    0.019583    4.629425    5.173070    4.897626   6568.14   7827.85    1.000
      TL          5.234398    0.028964    4.893721    5.561526    5.229237   8656.66   8661.65    1.000
      TL          6.924894    0.029933    6.593802    7.268990    6.921618   4833.65   4921.13    1.000
      TL          3.326101    0.017292    3.073309    3.586593    3.322346   6649.58   6831.46    1.000
      TL          7.500242    0.033842    7.138626    7.854181    7.496773   4725.47   4821.42    1.000
      TL          4.908680    0.020385    4.636097    5.192908    4.905523   7131.81   7180.15    1.000
      TL          9.147310    0.038935    8.759306    9.532691    9.143088   3915.58   3977.70    1.000
      TL          8.778219    0.040818    8.378378    9.165395    8.775118   4970.29   5053.14    1.000
      TL          8.861667    0.046200    8.448085    9.286773    8.858168   4771.23   5299.67    1.000
      TL          4.325739    0.023885    4.035573    4.638955    4.322087  11025.75  11177.80    1.000
      TL          5.267411    0.028627    4.940526    5.601000    5.263930   7297.63   7501.54    1.000
      TL          6.724371    0.039226    6.330877    7.106569    6.719894   7495.94   7679.86    1.000
      TL          6.597445    0.033184    6.235654    6.949283    6.594558   6501.91   6548.51    1.000
      TL          6.922559    0.028548    6.600697    7.262890    6.918938   4773.36   4935.12    1.000
      TL          7.023293    0.039519    6.638990    7.421321    7.019547   7269.33   7381.48    1.000
      TL          8.434485    0.037188    8.053623    8.813393    8.431185   5889.76   6064.05    1.000
      TL          5.755507    0.030173    5.426280    6.102519    5.750672   8188.79   8412.03    1.000
      TL          5.143336    0.026810    4.832648    5.469867    5.138796   6108.85   6513.43    1.000
      TL          2.786883    0.022299    2.505855    3.084945    2.780847  13795.85  14676.99    1.000
      TL          8.330835    0.043313    7.925449    8.740477    8.326772   5255.25   5676.34    1.000
      TL          3.714349    0.018064    3.450312    3.976537    3.711651   9631.28  10269.51    1.000
      TL          7.827809    0.037716    7.449556    8.205611    7.824401   3768.89   4079.05    1.000
      TL          5.059540    0.031369    4.714354    5.408467    5.055455   7053.09   7537.81    1.000
      TL          7.810498    0.036301    7.446569    8.194661    7.805605   4908.43   4994.59    1.000
      TL          9.143885    0.041126    8.746037    9.539153    9.140016   5821.16   5907.99    1.000
      TL          7.226650    0.029698    6.888351    7.565328    7.223718   3824.16   3990.91    1.000
      TL          6.803613    0.029745    6.459421    7.133198    6.801141   5737.36   5974.85    1.000
      TL          5.299549    0.032026    4.961409    5.663641    5.295472   8383.07   8383.50    1.000
      TL          7.458426    0.031016    7.112320    7.804637    7.453916   5002.01   5453.23    1.000
      TL          6.277241    0.033211    5.923067    6.638767    6.273872   5014.00   5335.57    1.000
      TL          5.262878    0.026194    4.942503    5.576006    5.259264   8047.00   8233.98    1.000
      TL          5.145820    0.026032    4.825326    5.458417    5.141235   5199.06   5434.97    1.000
      TL          6.361726    0.037592    5.985014    6.743930    6.358673   7980.90   8034.87    1.000
      TL          8.630883    0.042618    8.229299    9.037836    8.625897   4498.71   4531.43    1.000
      TL          8.086298    0.037482    7.711884    8.468763    8.082764   6862.91   6926.18    1.000
      TL         10.017919    0.048900    9.587773   10.457480   10.013820   5306.23   5389.11    1.000
      TL          4.625435    0.029612    4.297184    4.973719    4.620563   9600.29  10097.32    1.000
      TL          8.216599    0.035157    7.854932    8.590065    8.214966   5549.23   5709.95    1.000
      TL          9.535723    0.042715    9.137056    9.941290    9.531041   4185.53   4322.61    1.000
      TL          4.372110    0.015128    4.129864    4.610355    4.369621   5201.87   5264.36    1.000
      TL          5.454312    0.023997    5.161499    5.767831    5.450232   6984.75   7080.99    1.000
      TL          8.236820    0.040201    7.848965    8.636092    8.232693   4541.47   4781.48    1.000
      TL          6.531893    0.031564    6.185201    6.879719    6.529186   4104.85   4244.11    1.000
