      ilnvar                   0.009227    0.000069    0.000263    0.025546    0.006783     30.04     42.95    1.000
      ilnvar                   0.005996    0.000051    0.000003    0.020598    0.003576     20.98     36.15    1.026
      ilnvar                   0.014902    0.000166    0.000061    0.039718    0.011645     22.46     27.55    1.087
      ilnvar                   0.003066    0.000022    0.000004    0.011708    0.001292     17.86     18.01    1.006
      ilnvar                   0.003967    0.000024    0.000011    0.013725    0.002334     13.49     17.78    1.051
      ilnvar                   0.013893    0.000243    0.000029    0.044069    0.009042     62.46     73.52    1.001
      ilnvar                   0.008599    0.000092    0.000115    0.027129    0.004984     29.36     35.99    1.063
      ilnvar                   0.026767    0.000564    0.000239    0.072712    0.020789     49.08     55.89    1.050
      ilnvar                   0.008643    0.000110    0.000047    0.029647    0.004726     24.99     28.08    1.018
      ilnvar                   0.012588    0.000085    0.000329    0.030446    0.010587     22.02     32.54    1.029
      ilnvar                   0.003367    0.000034    0.000001    0.014160    0.001175     18.77     31.56    1.081
      ilnvar                   0.045841    0.002550    0.000372    0.143472    0.029633     94.89     95.19    1.018
      ilnvar                   0.010940    0.000197    0.000012    0.036787    0.006263     73.61     75.12    1.004
      ilnvar                   0.068581    0.005872    0.000013    0.211569    0.048881     32.49     37.54    1.036
      ilnvar                   0.006714    0.000044    0.000024    0.019672    0.004798     16.95     31.41    1.014
      ilnvar                   0.005391    0.000029    0.000055    0.016184    0.003640     18.61     21.57    1.062
      ilnvar                   0.010677    0.000074    0.000138    0.027372    0.008770     25.56     46.81    1.078
      ilnvar                   0.036679    0.001199    0.000047    0.104363    0.027068     56.93     77.00    1.007
      ilnvar                   0.127873    0.040234    0.000034    0.442430    0.069737     71.39    109.62    1.000
      ilnvar                   0.019698    0.000655    0.000002    0.067335    0.011438     46.27    124.91    1.000
      ilnvar                   0.006908    0.000054    0.000007    0.022189    0.004668     25.58     26.07    1.099
      ilnvar                   0.015860    0.000198    0.000462    0.043719    0.011557     80.74     91.94    1.002
      ilnvar                   0.017012    0.000236    0.000264    0.046109    0.012874     66.85     77.17    1.000
      ilnvar                   0.012564    0.000166    0.000126    0.038237    0.008690     65.77     79.88    1.000
      ilnvar                   0.009382    0.000123    0.000069    0.032062    0.005267     13.48     14.17    1.057
      ilnvar                   0.006680    0.000056    0.000085    0.021448    0.004186     39.64     58.37    1.000
      ilnvar                   0.006444    0.000039    0.000047    0.018907    0.004663     21.66     41.88    1.026
      ilnvar                   0.003455    0.000024    0.000014    0.013311    0.001570     33.95     34.93    1.003
      ilnvar                   0.014679    0.000239    0.000078    0.044351    0.009964     50.09     53.92    1.016
      ilnvar                   0.005260    0.000055    0.000007    0.020128    0.002328     24.40     28.84    1.000
      ilnvar                   0.002924    0.000018    0.000001    0.011660    0.001185     25.17     36.54    1.011
      ilnvar                   0.010078    0.000097    0.000175    0.027754    0.007392     29.49     35.72    1.053
      ilnvar                   0.015022    0.000158    0.000130    0.038788    0.012337     34.64     35.93    1.001
      ilnvar                   0.012163    0.000264    0.000041    0.042720    0.006575     81.54     97.06    1.001
      ilnvar                   0.008296    0.000052    0.000052    0.022673    0.006479     29.77     32.33    1.003
      ilnvar                   0.012486    0.000470    0.000003    0.046930    0.004732     44.63     51.35    1.001
      ilnvar                   0.008839    0.000145    0.000011    0.032719    0.003580     25.24     34.06    1.007
      ilnvar                   0.005685    0.000052    0.000010    0.018724    0.003440     60.14     61.42    1.002
      ilnvar                   0.024043    0.000657    0.000257    0.072412    0.015845    110.15    124.16    1.002
      ilnvar                   0.013103    0.000180    0.000094    0.039483    0.008960     71.00     74.08    1.002
      ilnvar                   0.003928    0.000022    0.000023    0.013379    0.002323     12.01     18.39    1.007
      ilnvar                   0.027697    0.000530    0.000486    0.073328    0.021675     26.44     46.51    1.021
      ilnvar                   0.008255    0.000040    0.000217    0.020803    0.006816     20.14     36.49    1.005
      ilnvar                   0.005957    0.000054    0.000066    0.020577    0.003550     19.83     24.97    1.004
      ilnvar                   0.009841    0.000089    0.000045    0.029134    0.007063     18.90     26.26    1.037
      ilnvar                   0.010419    0.000117    0.000048    0.032172    0.007030     24.16     34.24    1.031
      ilnvar                   0.006479    0.000045    0.000093    0.020275    0.004220     16.31     22.30    1.022
      ilnvar                   0.011935    0.000170    0.000032    0.038064    0.007553     79.00     94.58    1.013
      ilnvar                   0.008633    0.000069    0.000062    0.024931    0.006189     20.05     35.17    1.000
      ilnvar                   0.008226    0.000077    0.000193    0.027123    0.005131     20.17     35.66    1.028
      ilnvar                   0.007023    0.000073    0.000005    0.023452    0.004206     46.09     66.49    1.018
      ilnvar                   0.025663    0.000698    0.000039    0.076620    0.018379     50.44     89.31    1.001
      ilnvar                   0.005379    0.000069    0.000007    0.019718    0.002599    104.56    110.42    1.083
      ilnvar                   0.008072    0.000091    0.000011    0.026982    0.004901     18.93     28.93    1.001
      ilnvar                   0.006558    0.000044    0.000060    0.019569    0.004544     24.94     39.23    1.000
      ilnvar                   0.023256    0.000245    0.001314    0.053727    0.020204     34.19     51.78    1.002
      ilnvar                   0.004188    0.000020    0.000037    0.012814    0.002807     21.07     31.81    1.014
      ilnvar                   0.012368    0.000225    0.000024    0.041029    0.007671     52.51     58.34    1.008
      ilnvar                   0.026574    0.000604    0.000198    0.074687    0.019856     91.36     96.48    1.004
      ilnvar                   0.015722    0.000178    0.000211    0.041093    0.012608     39.42     49.13    1.032
      ilnvar                   0.019957    0.000456    0.000143    0.061334    0.013288    108.90    114.45    1.001
      ilnvar                   0.002952    0.000017    0.000001    0.010877    0.001346     18.39     25.04    1.002
      ilnvar                   0.004450    0.000051    0.000001    0.018156    0.001730     16.95     37.06    1.095
      ilnvar                   0.012446    0.000120    0.000362    0.034699    0.009105     20.41     26.89    1.025
      ilnvar                   0.005280    0.000032    0.000016    0.016862    0.003440     17.10     24.93    1.039
      ilnvar                   0.004184    0.000026    0.000036    0.015059    0.002065     22.00     23.02    1.004
      ilnvar                   0.023368    0.000624    0.000070    0.073453    0.015321     83.28     84.49    1.000
      ilnvar                   0.017110    0.000242    0.000147    0.046361    0.012950     56.62     90.73    1.002
      ilnvar                   0.008600    0.000078    0.000035    0.026321    0.005770     58.84     69.44    1.000
      ilnvar                   0.007986    0.000086    0.000107    0.025335    0.004854     68.82     83.00    1.001
      ilnvar                   0.003173    0.000018    0.000032    0.011557    0.001623     35.89     40.69    1.029
      ilnvar                   0.006691    0.000065    0.000022    0.022867    0.003843     30.62     32.11    1.003
      ilnvar                   0.004029    0.000021    0.000045    0.013273    0.002330     27.40     29.51    1.018
      ilnvar                   0.006240    0.000070    0.000005    0.022457    0.003318     57.09     57.49    1.005
      ilnvar                   0.015369    0.000189    0.000225    0.043249    0.011386     84.47     88.91    1.020
      ilnvar                   0.136040    0.041298    0.000030    0.459417    0.076897    128.55    181.75    1.003
      ilnvar                   0.013995    0.000111    0.000542    0.033623    0.011582     29.39     39.56    1.006
      ilnvar                   0.030765    0.000996    0.000133    0.089724    0.021670    124.38    137.17    1.001
      ilnvar                   0.011931    0.000081    0.000903    0.029389    0.009621     61.10     67.59    1.002
      ilnvar                   0.016775    0.000427    0.000074    0.051610    0.010619     68.33     93.21    1.002
      ilnvar                   0.011933    0.000134    0.000052    0.035211    0.008349     32.50     33.08    1.018
      ilnvar                   0.008757    0.000098    0.000064    0.029103    0.005190     18.05     19.18    1.034
      ilnvar                   0.011329    0.000099    0.000096    0.030137    0.008855     31.52     45.28    1.011
      ilnvar                   0.014366    0.000148    0.000244    0.038255    0.011326     27.34     38.84    1.021
      ilnvar                   0.011635    0.000213    0.000005    0.040843    0.006295     67.53     99.49    1.043
      ilnvar                   0.004745    0.000039    0.000018    0.017629    0.002301     19.82     25.37    1.088
      ilnvar                   0.009348    0.000143    0.000019    0.034086    0.004652     23.33     35.81    1.025
      ilnvar                   0.015359    0.000283    0.000037    0.045740    0.010652     38.18     89.69    1.000
      ilnvar                   0.005826    0.000051    0.000037    0.020026    0.003362     71.10     75.57    1.000
      ilnvar                   0.016542    0.000482    0.000021    0.060771    0.007781     29.75     40.90    1.000
      ilnvar                   0.008170    0.000050    0.000147    0.021943    0.006248     31.05     38.19    1.013
      ilnvar                   0.008981    0.000093    0.000018    0.027577    0.005965     21.97     26.95    1.067
      ilnvar                   0.003373    0.000019    0.000008    0.012471    0.001662     13.56     21.15    1.133
      ilnvar                   0.017717    0.000437    0.000080    0.059001    0.010520    141.04    149.53    1.005
      ilnvar                   0.007090    0.000049    0.000161    0.021264    0.004913     48.52     50.95    1.009
      ilnvar                   0.011797    0.000098    0.000404    0.032166    0.009284     32.62     34.59    1.003
      ilnvar                   0.002330    0.000011    0.000005    0.008133    0.001230     46.89     50.39    1.005
      ilnvar                   0.011139    0.000130    0.000067    0.033510    0.007479     57.22     66.64    1.019
      ilnvar                   0.002778    0.000015    0.000018    0.010729    0.001297     27.26     31.37    1.003
      ilnvar                   0.014072    0.000133    0.000574    0.036734    0.011353     61.91     63.43    1.004
