      TL{all}     8.717205    0.059720    8.245104    9.195292    8.713453   4008.56   4273.39    1.001
      TL{all}     8.159003    0.060580    7.685750    8.645858    8.154074   4074.06   4214.33    1.000
      TL{all}     8.685306    0.053743    8.229413    9.140083    8.680940   4900.64   5631.71    1.000
      TL{all}     8.092133    0.050810    7.643346    8.526655    8.088664   5103.46   5244.77    1.000
      TL{all}     8.715449    0.053727    8.260046    9.169328    8.711220   5838.21   5903.01    1.000
      TL{all}     5.329196    0.040961    4.934110    5.727813    5.324144   6494.76   6503.78    1.000
      TL{all}     7.635072    0.046252    7.217532    8.061979    7.632009   6174.56   6314.98    1.000
      TL{all}     5.258049    0.046546    4.852043    5.694080    5.250621   6009.29   6024.10    1.000
      TL{all}     6.787187    0.047047    6.354585    7.211040    6.783858   4708.64   5822.75    1.000
      TL{all}     9.133353    0.060691    8.668788    9.631025    9.129292   5958.50   6017.80    1.000
      TL{all}     7.618704    0.047951    7.201660    8.059678    7.613886   5825.96   6154.81    1.000
      TL{all}     3.897302    0.050839    3.475060    4.351581    3.885695   4868.73   5043.35    1.000
      TL{all}     6.115410    0.057796    5.651352    6.583700    6.108405   6181.26   6420.86    1.000
      TL{all}     3.767652    0.034005    3.417591    4.139400    3.760487   5994.68   6082.54    1.000
      TL{all}     9.736613    0.067291    9.217112   10.228090    9.730811   5682.41   5741.65    1.000
      TL{all}     9.104367    0.054868    8.651958    9.568518    9.101565   4670.25   5119.24    1.000
      TL{all}     8.258167    0.057976    7.785850    8.728079    8.253378   3784.63   4240.79    1.000
      TL{all}     5.270802    0.048092    4.848852    5.706170    5.264560   6493.14   6746.99    1.000
      TL{all}     2.757750    0.039905    2.380621    3.157707    2.747847   6929.10   7015.39    1.000
      TL{all}     3.972113    0.036003    3.610378    4.352577    3.964630   5446.82   5594.30    1.000
      TL{all}     8.275670    0.046157    7.846288    8.692591    8.271746   5397.75   5549.19    1.000
      TL{all}     5.457020    0.041211    5.067308    5.857632    5.451018   6082.43   6608.99    1.000
      TL{all}     7.262289    0.058897    6.784054    7.731633    7.256317   5843.66   6000.51    1.000
      TL{all}     5.490650    0.038327    5.119389    5.882728    5.485069   6800.44   6878.85    1.000
      TL{all}     7.225697    0.043682    6.824401    7.642886    7.221385   4498.36   4633.81    1.000
      TL{all}     7.433349    0.070095    6.931789    7.965296    7.425125   5014.33   5115.39    1.001
      TL{all}     8.203916    0.055371    7.752571    8.667303    8.200484   7016.39   7339.75    1.000
      TL{all}     7.382427    0.052888    6.947289    7.848881    7.376830   4331.24   4513.56    1.000
      TL{all}     6.678485    0.048920    6.239413    7.104918    6.675476   7141.22   7202.49    1.000
      TL{all}     6.702031    0.039371    6.316450    7.098042    6.696924   5591.33   5843.19    1.000
      TL{all}     7.790284    0.055971    7.331572    8.259219    7.786342   4589.64   4816.75    1.000
      TL{all}     8.374025    0.060523    7.907382    8.866777    8.369206   4779.49   5282.35    1.000
      TL{all}     7.024103    0.046943    6.593898    7.439028    7.019645   4599.72   4902.52    1.000
      TL{all}     3.785862    0.027970    3.468189    4.124105    3.781349   7906.40   7912.37    1.000
      TL{all}     7.842441    0.046522    7.414653    8.259807    7.837800   4258.26   4261.11    1.000
      TL{all}     4.391287    0.038971    4.007070    4.780375    4.384565   4716.89   4826.82    1.000
      TL{all}     4.860547    0.031880    4.500934    5.200672    4.856752   5107.22   5259.94    1.001
      TL{all}     3.569321    0.026236    3.252300    3.885728    3.563580   4434.60   4480.56    1.000
      TL{all}     5.055369    0.042008    4.660304    5.459708    5.050285   7643.28   7787.09    1.000
      TL{all}     5.897011    0.045982    5.465976    6.312306    5.892047   5167.15   5606.89    1.000
      TL{all}     8.997985    0.060055    8.514471    9.475518    8.992716   3307.89   3941.65    1.000
      TL{all}     5.758195    0.040430    5.366191    6.154451    5.753060   5016.48   5193.49    1.000
      TL{all}     8.798259    0.061717    8.318625    9.287840    8.791488   3707.83   3953.92    1.000
      TL{all}     9.351480    0.058482    8.865192    9.813337    9.348063   5133.55   5394.17    1.000
      TL{all}     8.339723    0.056135    7.883394    8.808291    8.336146   7249.48   7250.45    1.000
      TL{all}     5.645690    0.036631    5.265002    6.015446    5.641633   6098.45   6254.59    1.000
      TL{all}     6.243554    0.032476    5.888782    6.594650    6.241230   5301.33   5896.97    1.000
      TL{all}     5.070203    0.041148    4.695449    5.486910    5.063355   5393.08   5780.41    1.000
      TL{all}     7.443731    0.053279    7.003373    7.899960    7.438567   5293.42   5541.44    1.000
      TL{all}     7.302544    0.044316    6.896348    7.715416    7.298115   4468.99   4719.92    1.000
      TL{all}     5.437538    0.048899    4.998936    5.862133    5.430251   4970.79   5492.17    1.000
      TL{all}     5.220702    0.048826    4.789433    5.654679    5.212605   6636.64   6695.57    1.000
      TL{all}     4.297809    0.034682    3.928327    4.654936    4.293014   7686.73   7709.37    1.000
      TL{all}     6.778359    0.049650    6.354413    7.227526    6.772779   4894.05   5119.86    1.000
      TL{all}     6.674046    0.042305    6.277216    7.075823    6.668590   6154.22   6368.47    1.000
      TL{all}     6.407929    0.040271    6.023078    6.808131    6.403643   5379.84   5744.75    1.000
      TL{all}     9.543890    0.062186    9.066349   10.041300    9.540570   4836.64   5066.91    1.000
      TL{all}     5.315169    0.040788    4.912675    5.704810    5.310552   7380.12   7686.24    1.000
      TL{all}     5.536128    0.047034    5.128331    5.978886    5.529536   6997.54   7216.79    1.000
      TL{all}     6.900860    0.044884    6.487687    7.310674    6.896157   5277.38   5895.68    1.000
      TL{all}     3.383699    0.034497    3.021496    3.748792    3.378155   4687.05   4875.80    1.000
      TL{all}     7.426040    0.046257    7.010135    7.850709    7.421786   4437.57   4686.44    1.000
      TL{all}     5.341690    0.037236    4.968924    5.722132    5.335253   6231.99   6510.20    1.000
      TL{all}     9.602612    0.063787    9.119484   10.112530    9.600189   4632.09   5275.63    1.000
      TL{all}     8.903325    0.057897    8.428425    9.368438    8.898514   5515.48   5556.18    1.000
      TL{all}     9.328254    0.071456    8.819695    9.867330    9.322231   5261.87   5443.59    1.000
      TL{all}     4.604437    0.042060    4.204685    5.009185    4.597890   7675.42   7854.98    1.000
      TL{all}     5.535943    0.049657    5.109896    5.979106    5.530156   6048.22   6488.33    1.000
      TL{all}     7.073236    0.060094    6.598642    7.553100    7.065801   6326.74   6750.17    1.000
      TL{all}     6.875617    0.052102    6.433974    7.323600    6.870910   6651.76   7281.92    1.000
      TL{all}     6.820808    0.037412    6.446855    7.205075    6.815942   5394.35   5463.07    1.000
      TL{all}     7.318461    0.059161    6.841406    7.786329    7.312790   6751.26   6937.15    1.000
      TL{all}     8.635620    0.053963    8.181084    9.085605    8.632143   6673.70   6745.52    1.000
      TL{all}     6.003425    0.051039    5.566484    6.451714    5.997418   5909.09   6198.90    1.000
      TL{all}     5.215801    0.032659    4.870225    5.581294    5.212190   7471.52   7567.21    1.000
      TL{all}     2.964025    0.047416    2.544606    3.390180    2.952867   6744.26   7174.38    1.000
      TL{all}     8.469334    0.055417    8.014648    8.931058    8.464138   4816.37   5199.68    1.000
      TL{all}     3.888987    0.029554    3.555348    4.230746    3.884280   7865.38   8077.88    1.000
      TL{all}     7.483784    0.044021    7.068673    7.893728    7.479823   5891.17   6101.74    1.000
      TL{all}     5.118644    0.039540    4.724170    5.505563    5.113385   7838.70   8033.16    1.000
      TL{all}     7.706820    0.050770    7.277687    8.159011    7.702033   5664.06   5949.29    1.000
      TL{all}     9.556288    0.062546    9.065479   10.043240    9.552084   5374.62   5801.28    1.000
      TL{all}     7.528595    0.048894    7.101738    7.970560    7.524974   4092.25   4530.06    1.000
      TL{all}     7.188097    0.050034    6.762367    7.631042    7.182463   5218.79   5335.66    1.000
      TL{all}     5.549133    0.047656    5.128460    5.982477    5.542490   7830.14   8035.75    1.000
      TL{all}     7.585185    0.046804    7.160540    8.005379    7.581553   6106.81   6281.14    1.000
      TL{all}     6.370198    0.049376    5.931825    6.801026    6.364545   5061.24   5343.85    1.000
      TL{all}     5.164617    0.040275    4.774345    5.561963    5.159481   6745.95   7029.63    1.000
      TL{all}     5.397000    0.037834    5.019070    5.782476    5.393096   5821.93   6132.62    1.000
      TL{all}     6.560291    0.052262    6.118948    7.011467    6.555629   6808.86   6994.86    1.000
      TL{all}     8.784614    0.059592    8.307429    9.271125    8.780338   4566.07   4721.28    1.000
      TL{all}     8.494441    0.059093    8.031236    8.976853    8.490380   6299.88   6320.79    1.000
      TL{all}     9.998659    0.071605    9.460936   10.513500    9.993228   4671.47   4768.15    1.000
      TL{all}     4.778919    0.048383    4.364435    5.219162    4.773144   7334.77   7505.78    1.000
      TL{all}     8.812621    0.057791    8.344867    9.282976    8.807567   6516.15   6777.92    1.000
      TL{all}     9.814845    0.065507    9.302860   10.306990    9.812001   4216.88   4518.62    1.000
      TL{all}     4.342611    0.023371    4.045096    4.645045    4.338612   5812.21   6040.99    1.000
      TL{all}     5.455862    0.033357    5.101474    5.818173    5.451286   6591.04   6981.19    1.000
      TL{all}     8.184843    0.056536    7.718719    8.646934    8.180468   5514.84   5660.20    1.000
      TL{all}     6.903437    0.053603    6.463886    7.368130    6.897308   5199.49   5496.57    1.000
