      clockrate{all}                1.078313    0.003556    0.960876    1.195272    1.076230    212.08    221.90    1.000
      clockrate{all}                1.023327    0.002762    0.923311    1.129092    1.021131    500.58    531.99    1.000
      clockrate{all}                1.042896    0.002071    0.956899    1.133272    1.041481     70.88    226.41    1.013
      clockrate{all}                1.044167    0.002118    0.953290    1.132048    1.042628    208.46    263.31    1.002
      clockrate{all}                1.060914    0.001878    0.977378    1.146463    1.059028    173.78    263.40    1.001
      clockrate{all}                1.134378    0.008926    0.960552    1.326086    1.126979    182.78    206.19    1.012
      clockrate{all}                1.051177    0.001773    0.970272    1.135169    1.049665    534.38    704.49    1.001
      clockrate{all}                1.277742    0.018824    1.034719    1.541156    1.263690    108.93    154.04    1.000
      clockrate{all}                1.057035    0.006873    0.900718    1.223392    1.050500    103.85    119.09    1.000
      clockrate{all}                1.063009    0.002769    0.960249    1.163973    1.060825    334.40    405.59    1.000
      clockrate{all}                1.040127    0.002578    0.942232    1.140602    1.036694     59.94     62.89    1.022
      clockrate{all}                1.122728    0.018773    0.874988    1.389491    1.110044    130.90    139.31    1.000
      clockrate{all}                1.124804    0.006761    0.970072    1.289558    1.119600    108.50    207.31    1.000
      clockrate{all}                1.234599    0.025265    0.950813    1.556183    1.212527    102.33    148.27    1.007
      clockrate{all}                1.050952    0.002298    0.958389    1.145435    1.049327    243.36    245.57    1.001
      clockrate{all}                1.053961    0.002022    0.971144    1.147531    1.052289    132.43    150.05    1.001
      clockrate{all}                1.071516    0.002407    0.978263    1.172238    1.069475    343.30    435.66    1.000
      clockrate{all}                1.140286    0.012856    0.926903    1.360835    1.130935    162.02    196.27    1.009
      clockrate{all}                1.198787    0.091728    0.763735    1.724505    1.138113     78.70    141.95    1.002
      clockrate{all}                1.002765    0.004657    0.875705    1.140744    0.997552     85.62    181.88    1.000
      clockrate{all}                1.047440    0.002668    0.951269    1.154570    1.046213    233.53    268.19    1.004
      clockrate{all}                1.071353    0.004032    0.943000    1.191645    1.067883    417.34    561.35    1.007
      clockrate{all}                1.251820    0.012890    1.033224    1.470193    1.241950    126.22    150.74    1.003
      clockrate{all}                1.036435    0.004788    0.906048    1.174899    1.032541     52.78    107.93    1.000
      clockrate{all}                0.992789    0.002497    0.899383    1.093801    0.990038    212.94    256.93    1.001
      clockrate{all}                1.003693    0.004649    0.874057    1.140633    0.999628    138.49    182.66    1.001
      clockrate{all}                1.090354    0.004842    0.958365    1.230606    1.087005    141.29    196.88    1.001
      clockrate{all}                1.131069    0.004280    1.004944    1.259357    1.127017    174.62    211.43    1.010
      clockrate{all}                1.103952    0.006772    0.947062    1.270356    1.099545    139.39    155.94    1.002
      clockrate{all}                1.073086    0.002570    0.977995    1.175015    1.070534    196.01    204.08    1.001
      clockrate{all}                1.049326    0.004479    0.918119    1.177671    1.048358     28.73     68.77    1.031
      clockrate{all}                1.075456    0.003541    0.961967    1.195779    1.073380    210.22    226.80    1.003
      clockrate{all}                1.030133    0.001926    0.945305    1.117213    1.028644    128.52    249.96    1.000
      clockrate{all}                1.030143    0.005171    0.888426    1.172500    1.028878    909.89    974.48    1.000
      clockrate{all}                1.062954    0.001730    0.979826    1.142879    1.061711    182.02    595.23    1.016
      clockrate{all}                1.090795    0.005514    0.950320    1.238193    1.086137    150.10    152.86    1.002
      clockrate{all}                1.053778    0.006624    0.896328    1.215835    1.048677    109.47    121.82    1.001
      clockrate{all}                1.066016    0.004957    0.928119    1.205610    1.063429    541.24    599.31    1.000
      clockrate{all}                1.122004    0.005789    0.975812    1.272828    1.118288    523.84    578.78    1.001
      clockrate{all}                1.152466    0.004226    1.030099    1.283630    1.148579    189.76    296.90    1.002
      clockrate{all}                1.091586    0.002238    1.002094    1.186467    1.089550     68.84    173.05    1.008
      clockrate{all}                1.079243    0.009190    0.909821    1.282595    1.068168     34.65     59.19    1.001
      clockrate{all}                1.046939    0.002326    0.950262    1.139099    1.046016     51.88    168.73    1.005
      clockrate{all}                1.108952    0.002563    1.010412    1.209854    1.107292    106.29    198.57    1.002
      clockrate{all}                1.089932    0.003137    0.979164    1.198555    1.088475    178.31    286.49    1.000
      clockrate{all}                1.012865    0.003544    0.895388    1.128354    1.011161    556.42    665.41    1.001
      clockrate{all}                1.050670    0.003797    0.932665    1.174403    1.048598    191.24    195.01    1.000
      clockrate{all}                1.040622    0.005917    0.893883    1.196642    1.038424    234.31    290.00    1.003
      clockrate{all}                1.135586    0.003235    1.024197    1.246151    1.134297     51.32    227.18    1.008
      clockrate{all}                1.013541    0.003133    0.907662    1.126105    1.009667     67.97     84.42    1.016
      clockrate{all}                1.193593    0.008358    1.022932    1.377508    1.186173    104.32    155.49    1.004
      clockrate{all}                1.216386    0.015415    0.992467    1.456979    1.205940     59.67    107.75    1.029
      clockrate{all}                1.049001    0.007088    0.889447    1.217601    1.044133    471.62    484.64    1.003
      clockrate{all}                1.154588    0.003818    1.035177    1.276430    1.152200    163.34    197.11    1.005
      clockrate{all}                1.045992    0.003341    0.935207    1.161214    1.042927    142.01    300.31    1.000
      clockrate{all}                1.091010    0.003088    0.983836    1.200578    1.089430    564.15    613.93    1.000
      clockrate{all}                1.046297    0.002118    0.960451    1.139516    1.044510    208.00    228.26    1.008
      clockrate{all}                1.113565    0.006449    0.963375    1.272169    1.108353     91.02     91.76    1.007
      clockrate{all}                1.108752    0.007439    0.944087    1.277498    1.105362    174.53    211.12    1.000
      clockrate{all}                1.076629    0.003891    0.959811    1.202182    1.073157    101.08    144.16    1.004
      clockrate{all}                0.979930    0.012678    0.757680    1.202497    0.978397    202.72    303.08    1.000
      clockrate{all}                1.083171    0.003798    0.965880    1.203201    1.077802     26.36     48.02    1.011
      clockrate{all}                1.117656    0.004310    0.992255    1.247505    1.113365    105.94    296.04    1.000
      clockrate{all}                1.107959    0.003949    0.992223    1.236101    1.103028     86.88    190.45    1.000
      clockrate{all}                1.118222    0.002504    1.022618    1.218458    1.116491    249.08    376.31    1.002
      clockrate{all}                1.046322    0.003326    0.936832    1.159994    1.043468    102.70    104.43    1.002
      clockrate{all}                1.130006    0.012406    0.922444    1.349263    1.118382    119.49    180.23    1.000
      clockrate{all}                1.082242    0.006437    0.935513    1.245993    1.077475    430.88    469.16    1.003
      clockrate{all}                1.119816    0.006714    0.964725    1.285566    1.114648    396.30    412.66    1.000
      clockrate{all}                1.031675    0.005200    0.896575    1.179828    1.028448    167.82    250.37    1.000
      clockrate{all}                0.996465    0.001771    0.917783    1.081333    0.995722    325.33    421.06    1.003
      clockrate{all}                1.117402    0.004557    0.990782    1.253814    1.115486    514.41    547.40    1.002
      clockrate{all}                1.005986    0.003010    0.904520    1.115728    1.004100    192.34    336.05    1.000
      clockrate{all}                1.081016    0.005206    0.938857    1.220081    1.078652    215.24    220.75    1.000
      clockrate{all}                1.028897    0.003642    0.915048    1.148716    1.024388    119.06    270.68    1.000
      clockrate{all}                1.405757    0.036541    1.040726    1.783098    1.391632    384.35    474.89    1.000
      clockrate{all}                1.088193    0.002911    0.984029    1.195379    1.086746     81.32     99.64    1.000
      clockrate{all}                1.018655    0.006070    0.867254    1.170259    1.013627    623.50    684.54    1.001
      clockrate{all}                0.992715    0.003155    0.887870    1.104424    0.988840    160.15    175.22    1.000
      clockrate{all}                1.091876    0.009644    0.909088    1.291871    1.088149    267.49    365.33    1.004
      clockrate{all}                1.012794    0.002891    0.909303    1.118335    1.009833    103.61    109.22    1.023
      clockrate{all}                0.997241    0.001651    0.920936    1.079551    0.995764    220.70    292.86    1.005
      clockrate{all}                1.052801    0.003190    0.940234    1.161364    1.051399    120.18    150.33    1.004
      clockrate{all}                1.124924    0.005442    0.989232    1.278267    1.121620    201.82    202.27    1.000
      clockrate{all}                1.065827    0.006200    0.917061    1.217446    1.060438    135.65    247.99    1.006
      clockrate{all}                1.021692    0.002313    0.928000    1.117007    1.019887    461.60    616.93    1.006
      clockrate{all}                1.117861    0.006072    0.973425    1.276884    1.114008    106.79    139.36    1.000
      clockrate{all}                0.999746    0.005786    0.855437    1.151589    0.995219    250.57    326.70    1.000
      clockrate{all}                1.069076    0.003988    0.952137    1.198592    1.066144    318.84    361.62    1.001
      clockrate{all}                1.154109    0.005738    1.010369    1.304578    1.149587     61.20    103.33    1.004
      clockrate{all}                1.128687    0.003443    1.018174    1.244809    1.126575    333.62    343.42    1.000
      clockrate{all}                1.110932    0.004168    0.991403    1.244548    1.106818    211.29    244.79    1.000
      clockrate{all}                1.038377    0.002219    0.953457    1.136631    1.036556     27.04     53.52    1.003
      clockrate{all}                1.120660    0.014150    0.916634    1.363801    1.108938    103.49    129.55    1.001
      clockrate{all}                1.080704    0.002707    0.980264    1.182397    1.077672    127.11    159.08    1.000
      clockrate{all}                1.047336    0.003076    0.941804    1.160393    1.044672    202.34    252.85    1.000
      clockrate{all}                1.077057    0.003146    0.968863    1.187725    1.075505    222.37    258.79    1.009
      clockrate{all}                1.147087    0.009124    0.972469    1.340063    1.139670    104.69    158.10    1.023
      clockrate{all}                1.082719    0.002169    0.991671    1.175467    1.080870    378.14    439.89    1.012
      clockrate{all}                1.113592    0.005017    0.971030    1.252791    1.111137    154.22    219.97    1.001
