      age{all}[0]                   0.952539    0.001549    0.877344    1.030320    0.948787    1.008    2
      age{all}[0]                   1.001454    0.000349    0.969808    1.039101    0.998448    1.005    2
      age{all}[0]                   1.020337    0.000444    0.980042    1.062106    1.019429    1.004    2
      age{all}[0]                   0.999746    0.000387    0.962870    1.038517    0.998160    1.019    2
      age{all}[0]                   0.992263    0.000246    0.964088    1.023821    0.991140    1.003    2
      age{all}[0]                  0.990636    0.000840    0.938589    1.052375    0.989037    1.008    2
      age{all}[0]                  0.997405    0.000115    0.976929    1.017553    0.996721    1.001    2
      age{all}[0]                  0.820218    0.002436    0.730924    0.916411    0.811661    1.006    2
      age{all}[0]                  1.019157    0.001698    0.955174    1.110711    1.010127    1.009    2
      age{all}[0]                   0.969525    0.000505    0.927491    1.014328    0.967763    1.021    2
      age{all}[0]                  0.968758    0.000967    0.903854    1.026023    0.969259    1.002    2
      age{all}[0]                  0.948984    0.009310    0.831188    1.132452    0.936199    1.003    2
      age{all}[0]                  1.013120    0.001720    0.933668    1.092915    1.012167    1.000    2
      age{all}[0]                  0.938106    0.002585    0.853333    1.040952    0.929394    1.003    2
      age{all}[0]                   0.970920    0.000485    0.933337    1.014562    0.968116    1.002    2
      age{all}[0]                   0.975437    0.000263    0.945544    1.005996    0.974988    1.005    2
      age{all}[0]                   0.988059    0.000083    0.971398    1.006619    0.987354    1.001    2
      age{all}[0]                  0.992157    0.001015    0.931873    1.058732    0.989989    1.007    2
      age{all}[0]                  0.919567    0.013666    0.695457    1.154668    0.918250    1.000    2
      age{all}[0]                  0.976021    0.000334    0.951807    1.010731    0.972367    1.005    2
      age{all}[0]                   0.989508    0.000449    0.950592    1.033406    0.987609    1.000    2
      age{all}[0]                  0.995959    0.000203    0.979089    1.023650    0.992249    1.001    2
      age{all}[0]                  0.927869    0.002283    0.839861    1.019476    0.924780    1.000    2
      age{all}[0]                  0.978061    0.000708    0.926114    1.028805    0.975668    1.005    2
      age{all}[0]                  1.000056    0.001389    0.933186    1.073871    0.996369    1.001    2
      age{all}[0]                  1.052161    0.002796    0.947683    1.158838    1.049845    1.000    2
      age{all}[0]                  0.975568    0.000902    0.918481    1.035155    0.973425    1.001    2
      age{all}[0]                  0.970874    0.000902    0.912506    1.029436    0.969142    1.029    2
      age{all}[0]                  0.922938    0.001336    0.853060    0.992540    0.922028    1.006    2
      age{all}[0]                  0.964110    0.001065    0.905835    1.034063    0.961624    1.001    2
      age{all}[0]                   1.010775    0.001420    0.948435    1.090204    1.003931    1.062    2
      age{all}[0]                  1.031146    0.001373    0.956601    1.102308    1.030742    1.000    2
      age{all}[0]                  0.999212    0.000263    0.969537    1.031855    0.997611    1.014    2
      age{all}[0]                  1.001576    0.000618    0.970772    1.050293    0.995941    1.001    2
      age{all}[0]                   0.976210    0.000256    0.945478    1.007659    0.975057    1.000    2
      age{all}[0]                  1.007015    0.000309    0.973870    1.042760    1.006318    1.003    2
      age{all}[0]                  0.985366    0.001542    0.908275    1.060287    0.981975    1.002    2
      age{all}[0]                  0.911862    0.001732    0.876918    1.002227    0.893421    1.001    2
      age{all}[0]                  0.992701    0.000085    0.977291    1.011858    0.991210    1.000    2
      age{all}[0]                  0.989523    0.000268    0.959874    1.022842    0.988211    1.002    2
      age{all}[0]                   0.941191    0.000490    0.900598    0.987150    0.939786    1.000    2
      age{all}[0]                  0.995212    0.002456    0.900282    1.099427    0.988312    1.000    2
      age{all}[0]                   0.967944    0.001726    0.890089    1.048262    0.966858    1.035    2
      age{all}[0]                   0.986894    0.000374    0.950690    1.024178    0.987003    1.001    2
      age{all}[0]                  0.983784    0.000409    0.955525    1.026859    0.978280    1.003    2
      age{all}[0]                  0.997537    0.000294    0.965191    1.030334    0.996020    1.001    2
      age{all}[0]                   0.976043    0.000313    0.943877    1.013857    0.974761    1.000    2
      age{all}[0]                  0.990434    0.000667    0.942413    1.042382    0.988140    1.005    2
      age{all}[0]                  1.007021    0.000344    0.974769    1.043647    1.004527    1.004    2
      age{all}[0]                   1.037609    0.001084    0.979394    1.106791    1.033342    1.002    2
      age{all}[0]                  0.984781    0.000286    0.952771    1.019648    0.983897    1.000    2
      age{all}[0]                  0.969715    0.002201    0.883785    1.071916    0.967288    1.033    2
      age{all}[0]                  0.983553    0.001387    0.912157    1.059481    0.982053    1.006    2
      age{all}[0]                  0.920344    0.001328    0.857758    0.999237    0.915658    1.000    2
      age{all}[0]                  0.978550    0.000270    0.945987    1.010518    0.977356    1.005    2
      age{all}[0]                  0.976251    0.000080    0.966027    0.992930    0.974073    1.000    2
      age{all}[0]                   0.984197    0.000258    0.955046    1.015479    0.982639    1.000    2
      age{all}[0]                  0.968022    0.001012    0.903281    1.032613    0.967931    1.003    2
      age{all}[0]                  1.013713    0.001239    0.951308    1.087854    1.010065    1.003    2
      age{all}[0]                  0.992085    0.000375    0.953830    1.030956    0.990996    1.008    2
      age{all}[0]                  1.041334    0.001926    0.972097    1.127485    1.033307    1.002    2
      age{all}[0]                  0.962551    0.001057    0.907971    1.028844    0.957051    1.000    2
      age{all}[0]                  1.009641    0.000343    0.974846    1.046851    1.008487    1.000    2
      age{all}[0]                   0.957612    0.000908    0.904524    1.018587    0.954872    1.018    2
      age{all}[0]                   0.979355    0.000617    0.931252    1.027502    0.978302    1.001    2
      age{all}[0]                  1.001746    0.000966    0.942527    1.060474    0.999607    1.008    2
      age{all}[0]                  0.980135    0.003031    0.867481    1.086782    0.979433    1.000    2
      age{all}[0]                  0.970839    0.000425    0.934563    1.012952    0.968344    1.002    2
      age{all}[0]                  1.008153    0.001479    0.936016    1.088578    1.004937    1.000    2
      age{all}[0]                  1.014996    0.000600    0.970306    1.063569    1.012771    1.001    2
      age{all}[0]                  1.020507    0.000525    0.977654    1.066558    1.018923    1.016    2
      age{all}[0]                  1.008736    0.000548    0.965168    1.054441    1.007089    1.000    2
      age{all}[0]                  1.002579    0.000705    0.954479    1.057264    1.000941    1.000    2
      age{all}[0]                  1.005065    0.001601    0.931551    1.083153    1.000252    1.000    2
      age{all}[0]                  1.016987    0.000508    0.975210    1.063836    1.016134    1.001    2
      age{all}[0]                  0.873331    0.004390    0.792186    1.000749    0.859156    1.003    2
      age{all}[0]                   0.969835    0.000685    0.923598    1.024547    0.967372    1.036    2
      age{all}[0]                  1.017135    0.000697    0.968557    1.071441    1.015099    1.000    2
      age{all}[0]                   0.994723    0.000407    0.957727    1.034447    0.994059    1.002    2
      age{all}[0]                  0.991210    0.000818    0.938759    1.050291    0.988304    1.004    2
      age{all}[0]                  0.972016    0.001606    0.892719    1.050850    0.975323    1.029    2
      age{all}[0]                   1.011165    0.000901    0.957045    1.070719    1.009641    1.004    2
      age{all}[0]                  0.990719    0.000853    0.933724    1.047791    0.988536    1.010    2
      age{all}[0]                  0.886368    0.002578    0.784694    0.988901    0.881693    1.007    2
      age{all}[0]                  0.988777    0.001246    0.921364    1.059352    0.987533    1.020    2
      age{all}[0]                  0.987238    0.000441    0.948215    1.028250    0.985817    1.035    2
      age{all}[0]                  0.873519    0.002840    0.778061    0.984635    0.869672    1.002    2
      age{all}[0]                  0.995139    0.000949    0.940556    1.056036    0.992978    1.021    2
      age{all}[0]                  0.988939    0.000599    0.939245    1.034795    0.987828    1.001    2
      age{all}[0]                  0.941065    0.001050    0.879669    1.005411    0.938984    1.004    2
      age{all}[0]                   0.981129    0.000310    0.947446    1.016317    0.979439    1.000    2
      age{all}[0]                  0.980778    0.000469    0.941046    1.023500    0.978469    1.001    2
      age{all}[0]                   0.983331    0.000388    0.943566    1.018462    0.982927    1.027    2
      age{all}[0]                  0.971281    0.001582    0.891964    1.053831    0.969755    1.001    2
      age{all}[0]                  0.982716    0.000482    0.941491    1.026418    0.981167    1.003    2
      age{all}[0]                   1.003832    0.000848    0.962110    1.072673    0.996708    1.003    2
      age{all}[0]                  0.995132    0.000213    0.966524    1.022326    0.994228    1.012    2
      age{all}[0]                  1.004300    0.000389    0.972244    1.044804    1.000642    1.000    2
      age{all}[0]                  0.918380    0.000665    0.871911    0.975452    0.916839    1.013    2
      age{all}[0]                  0.950143    0.001765    0.871409    1.034303    0.948825    1.025    2
