      ilnvar{all}                   0.017726    0.000223    0.000430    0.047925    0.013790     29.38     32.84    1.000
      ilnvar{all}                   0.010135    0.000104    0.000291    0.030445    0.006865     39.18     48.61    1.002
      ilnvar{all}                   0.007667    0.000097    0.000003    0.027900    0.004545     13.28     42.12    1.141
      ilnvar{all}                   0.006097    0.000058    0.000007    0.021574    0.003020     17.60     18.86    1.006
      ilnvar{all}                   0.004792    0.000041    0.000008    0.017253    0.002392     15.89     20.91    1.034
      ilnvar{all}                   0.043518    0.001422    0.000114    0.112516    0.035951     48.78     65.16    1.021
      ilnvar{all}                   0.000932    0.000005    0.000001    0.004881    0.000047     14.63     15.00    1.054
      ilnvar{all}                   0.040033    0.001950    0.000156    0.109989    0.029395     60.62     73.32    1.000
      ilnvar{all}                   0.055062    0.001704    0.001403    0.133987    0.045632     68.87     85.22    1.007
      ilnvar{all}                   0.014390    0.000139    0.000148    0.036656    0.011715     40.51     42.61    1.004
      ilnvar{all}                   0.007719    0.000168    0.000005    0.033870    0.002030     14.20     15.91    1.114
      ilnvar{all}                   0.079103    0.008430    0.000048    0.241056    0.052159     66.42     95.44    1.008
      ilnvar{all}                   0.018511    0.000404    0.000031    0.056385    0.012213     39.14     75.42    1.009
      ilnvar{all}                   0.042377    0.002809    0.000050    0.150702    0.024351     55.11     89.64    1.020
      ilnvar{all}                   0.009690    0.000080    0.000126    0.027499    0.007088     40.47     46.33    1.004
      ilnvar{all}                   0.007536    0.000065    0.000069    0.023898    0.004994     16.71     21.17    1.051
      ilnvar{all}                   0.014841    0.000202    0.000307    0.041544    0.010910     31.55     38.89    1.001
      ilnvar{all}                   0.018049    0.000597    0.000084    0.064192    0.009266     63.22     77.01    1.013
      ilnvar{all}                   0.185320    0.085289    0.000168    0.630517    0.099151     94.13    214.04    1.000
      ilnvar{all}                   0.015754    0.000524    0.000001    0.058551    0.007383     28.02     36.00    1.000
      ilnvar{all}                   0.018378    0.000264    0.000992    0.049242    0.013941     38.57     41.88    1.007
      ilnvar{all}                   0.019741    0.000433    0.000045    0.060290    0.013393     32.79     38.51    1.014
      ilnvar{all}                   0.046921    0.001409    0.002840    0.120348    0.036832     58.65     67.94    1.001
      ilnvar{all}                   0.008037    0.000185    0.000004    0.035194    0.002387     16.21     22.17    1.001
      ilnvar{all}                   0.009568    0.000095    0.000402    0.028435    0.006339     23.41     25.45    1.033
      ilnvar{all}                   0.012485    0.000256    0.000051    0.042335    0.007244     49.41     56.40    1.001
      ilnvar{all}                   0.017275    0.000215    0.000259    0.046139    0.013272     31.39     44.13    1.002
      ilnvar{all}                   0.012567    0.000166    0.000110    0.038392    0.008489     23.93     30.44    1.023
      ilnvar{all}                   0.016231    0.000302    0.000020    0.050736    0.010632     43.81     60.57    1.008
      ilnvar{all}                   0.010941    0.000128    0.000186    0.033632    0.007259     22.83     33.58    1.000
      ilnvar{all}                   0.007960    0.000097    0.000061    0.027597    0.003768     12.22     17.08    1.016
      ilnvar{all}                   0.018925    0.000252    0.000284    0.049643    0.015139     31.37     42.14    1.002
      ilnvar{all}                   0.007312    0.000065    0.000043    0.023480    0.004730     19.97     20.05    1.033
      ilnvar{all}                   0.014364    0.000379    0.000093    0.051793    0.007368     93.53    111.58    1.036
      ilnvar{all}                   0.002447    0.000039    0.000001    0.014983    0.000081     24.73     25.50    1.218
      ilnvar{all}                   0.012971    0.000473    0.000001    0.058466    0.003137     30.58     42.74    1.002
      ilnvar{all}                   0.019458    0.000399    0.000150    0.059090    0.013252     57.03     57.98    1.008
      ilnvar{all}                   0.022044    0.000440    0.000241    0.064134    0.015801     72.24     74.48    1.000
      ilnvar{all}                   0.010674    0.000230    0.000032    0.037496    0.005579     34.71     54.14    1.012
      ilnvar{all}                   0.011929    0.000223    0.000017    0.040442    0.006873     22.20     34.97    1.016
      ilnvar{all}                   0.004689    0.000050    0.000002    0.019988    0.001580     10.39     13.42    1.051
      ilnvar{all}                   0.064701    0.002050    0.001837    0.149870    0.055752     33.86     52.60    1.000
      ilnvar{all}                   0.011574    0.000116    0.000033    0.032673    0.008504     14.48     21.59    1.012
      ilnvar{all}                   0.010407    0.000085    0.000141    0.027754    0.008389     11.41     20.66    1.050
      ilnvar{all}                   0.010547    0.000116    0.000204    0.031724    0.007043     18.17     36.86    1.013
      ilnvar{all}                   0.012365    0.000188    0.000136    0.038668    0.007858     58.00     64.82    1.001
      ilnvar{all}                   0.009162    0.000108    0.000043    0.027339    0.006189     28.05     31.04    1.008
      ilnvar{all}                   0.015121    0.000281    0.000176    0.048370    0.009582     72.58     92.96    1.014
      ilnvar{all}                   0.006409    0.000072    0.000004    0.023933    0.003386     15.57     51.73    1.002
      ilnvar{all}                   0.020503    0.000336    0.000655    0.057209    0.015393     27.26     28.03    1.077
      ilnvar{all}                   0.027640    0.001020    0.000011    0.090570    0.018247     18.73     30.00    1.001
      ilnvar{all}                   0.054168    0.003029    0.000045    0.156046    0.039926     38.57     73.18    1.030
      ilnvar{all}                   0.020528    0.000763    0.000107    0.074855    0.010497     73.32     84.30    1.001
      ilnvar{all}                   0.006000    0.000132    0.000003    0.029603    0.000961     21.51     29.05    1.000
      ilnvar{all}                   0.009079    0.000129    0.000028    0.031348    0.004809     30.21     33.58    1.003
      ilnvar{all}                   0.009085    0.000080    0.000072    0.026162    0.006312     36.97     45.41    1.000
      ilnvar{all}                   0.011235    0.000159    0.000072    0.036677    0.006524     28.10     34.58    1.039
      ilnvar{all}                   0.020024    0.000570    0.000002    0.065710    0.012609     48.42     57.62    1.007
      ilnvar{all}                   0.015060    0.000411    0.000044    0.047305    0.008922     93.42     94.71    1.021
      ilnvar{all}                   0.015452    0.000244    0.000074    0.046886    0.010933     30.91     42.11    1.026
      ilnvar{all}                   0.036472    0.001795    0.000045    0.115571    0.023642     66.33     86.16    1.009
      ilnvar{all}                   0.012912    0.000252    0.000012    0.046833    0.006434     13.21     16.79    1.050
      ilnvar{all}                   0.010366    0.000204    0.000005    0.036040    0.005714     27.15     37.68    1.000
      ilnvar{all}                   0.039644    0.000625    0.002282    0.085192    0.035996     41.68     48.83    1.004
      ilnvar{all}                   0.010186    0.000099    0.000166    0.028604    0.007180     35.65     42.31    1.011
      ilnvar{all}                   0.011937    0.000135    0.000008    0.035742    0.008453     27.13     29.99    1.015
      ilnvar{all}                   0.023008    0.000960    0.000132    0.078599    0.012282     68.05     74.09    1.001
      ilnvar{all}                   0.022431    0.000591    0.000162    0.068960    0.014745     54.21     86.83    1.001
      ilnvar{all}                   0.024221    0.000456    0.000246    0.064892    0.018854     52.18     80.05    1.014
      ilnvar{all}                   0.010372    0.000184    0.000031    0.033739    0.006021     68.09     71.89    1.000
      ilnvar{all}                   0.002179    0.000014    0.000006    0.009872    0.000582     20.83     23.08    1.017
      ilnvar{all}                   0.011054    0.000130    0.000035    0.033395    0.007783     60.11     60.65    1.000
      ilnvar{all}                   0.005743    0.000049    0.000149    0.019763    0.003287     24.36     48.24    1.028
      ilnvar{all}                   0.007523    0.000080    0.000024    0.024855    0.004531     43.38     66.45    1.002
      ilnvar{all}                   0.016012    0.000381    0.000020    0.055813    0.009042     23.36     57.86    1.002
      ilnvar{all}                   0.080507    0.015093    0.000130    0.285893    0.041626    431.98    484.07    1.001
      ilnvar{all}                   0.012050    0.000138    0.000105    0.035036    0.008550     37.00     37.07    1.075
      ilnvar{all}                   0.014014    0.000369    0.000040    0.049637    0.007555    140.77    145.95    1.001
      ilnvar{all}                   0.030274    0.000456    0.001465    0.070797    0.025882     41.18     49.01    1.005
      ilnvar{all}                   0.031100    0.001244    0.000081    0.093233    0.020924     75.57     75.93    1.016
      ilnvar{all}                   0.006480    0.000063    0.000061    0.021843    0.003799     45.40     48.46    1.052
      ilnvar{all}                   0.001847    0.000010    0.000001    0.007141    0.000757     20.62     31.93    1.050
      ilnvar{all}                   0.012272    0.000138    0.000093    0.036008    0.008533     35.08     36.15    1.049
      ilnvar{all}                   0.031269    0.000727    0.000365    0.082666    0.024612     49.75     63.50    1.035
      ilnvar{all}                   0.024592    0.000712    0.000058    0.075497    0.017000     37.71     91.80    1.009
      ilnvar{all}                   0.007570    0.000082    0.000074    0.025071    0.004175     19.96     19.97    1.085
      ilnvar{all}                   0.009361    0.000130    0.000072    0.029622    0.005902     41.32     45.72    1.002
      ilnvar{all}                   0.021713    0.000859    0.000075    0.075487    0.012116     85.12    126.47    1.020
      ilnvar{all}                   0.003989    0.000049    0.000003    0.015349    0.001452     34.91     56.50    1.003
      ilnvar{all}                   0.012065    0.000236    0.000021    0.042317    0.006655     33.46     45.81    1.005
      ilnvar{all}                   0.021165    0.000199    0.000965    0.048185    0.018138     44.89     51.43    1.000
      ilnvar{all}                   0.009269    0.000140    0.000022    0.031751    0.004956     26.76     29.13    1.015
      ilnvar{all}                   0.004354    0.000026    0.000003    0.014359    0.002648     24.94     45.92    1.001
      ilnvar{all}                   0.039742    0.002889    0.000332    0.133006    0.022902     62.74     82.06    1.003
      ilnvar{all}                   0.008198    0.000115    0.000048    0.029691    0.004309     17.36     19.16    1.000
      ilnvar{all}                   0.024134    0.000282    0.001235    0.054971    0.021606     31.54     39.23    1.006
      ilnvar{all}                   0.007359    0.000146    0.000030    0.029569    0.002569     41.69     53.29    1.048
      ilnvar{all}                   0.023681    0.000483    0.000247    0.067198    0.017220     54.66     55.51    1.053
      ilnvar{all}                   0.001197    0.000005    0.000001    0.004929    0.000399     18.92     20.28    1.111
      ilnvar{all}                   0.028269    0.000679    0.000406    0.073837    0.022062     43.17     65.41    1.006
