      clockrate                1.024688    0.001638    0.945688    1.103763    1.024027    273.34    331.01    1.000
      clockrate                1.028479    0.001593    0.949074    1.106541    1.027128    355.44    363.22    1.000
      clockrate                0.969836    0.001682    0.890586    1.052602    0.967917    116.15    147.92    1.040
      clockrate                1.042221    0.001328    0.971017    1.112292    1.040715     98.22    158.11    1.004
      clockrate                1.027611    0.001119    0.964365    1.094565    1.026773    194.80    258.81    1.005
      clockrate                1.074691    0.003368    0.964029    1.189998    1.070831    251.59    273.06    1.000
      clockrate                1.000153    0.001518    0.926741    1.079733    0.997994    197.88    208.20    1.006
      clockrate                1.124969    0.006698    0.964404    1.284564    1.120729    112.33    130.11    1.005
      clockrate                1.003954    0.002464    0.908866    1.101803    1.001672    141.42    186.94    1.001
      clockrate                1.027136    0.001737    0.944563    1.107480    1.025961    259.72    288.77    1.000
      clockrate                1.012870    0.001338    0.941363    1.083610    1.011060     44.80     77.08    1.034
      clockrate                1.042347    0.008567    0.869946    1.232080    1.037463    190.19    194.94    1.002
      clockrate                1.036676    0.003367    0.925581    1.153768    1.034460    133.47    237.80    1.000
      clockrate                1.165582    0.018575    0.922523    1.431856    1.147611     75.41     90.58    1.033
      clockrate                1.019408    0.001292    0.951496    1.092996    1.018777    152.21    158.34    1.001
      clockrate                1.037900    0.001184    0.967992    1.103064    1.037297     84.41    171.46    1.006
      clockrate                1.008170    0.001258    0.940847    1.078261    1.006630    193.24    196.67    1.002
      clockrate                1.071964    0.010409    0.889306    1.291787    1.062498    135.46    151.40    1.000
      clockrate                1.146223    0.040278    0.824160    1.525103    1.115389     60.13     92.23    1.000
      clockrate                1.076845    0.003539    0.959368    1.191061    1.072659    235.31    504.53    1.001
      clockrate                1.021056    0.001571    0.948358    1.101050    1.018907     53.83     92.17    1.006
      clockrate                1.051283    0.002586    0.953589    1.155620    1.049924    472.20    497.76    1.001
      clockrate                1.101425    0.004611    0.969239    1.236271    1.099928    192.19    215.46    1.005
      clockrate                1.073754    0.003363    0.961285    1.190156    1.072970    166.25    197.51    1.005
      clockrate                1.011467    0.001545    0.933750    1.088446    1.009671    116.28    158.93    1.017
      clockrate                0.974650    0.002325    0.880983    1.070196    0.973712    238.76    346.47    1.001
      clockrate                1.031903    0.002855    0.932563    1.140554    1.030762    342.93    346.19    1.000
      clockrate                1.072723    0.001994    0.987348    1.162506    1.070724    116.82    153.21    1.000
      clockrate                1.054160    0.004468    0.924272    1.187152    1.048657    112.61    123.56    1.004
      clockrate                1.014598    0.001336    0.943524    1.085255    1.012951     82.46    224.07    1.000
      clockrate                1.029488    0.002300    0.936971    1.125202    1.028496    116.64    122.49    1.003
      clockrate                0.966322    0.001863    0.884498    1.054555    0.963657     74.08    121.48    1.004
      clockrate                0.982197    0.001296    0.914484    1.055629    0.980604    181.50    215.43    1.003
      clockrate                1.081541    0.003787    0.965452    1.206951    1.080015    602.18    636.69    1.000
      clockrate                1.027194    0.001063    0.964865    1.093142    1.026211    335.52    362.76    1.001
      clockrate                0.972020    0.002701    0.870121    1.074672    0.970102    219.35    319.24    1.000
      clockrate                0.968507    0.002819    0.865856    1.073634    0.966505    123.44    130.41    1.001
      clockrate                1.058387    0.002000    0.972732    1.147592    1.056089    115.47    353.50    1.002
      clockrate                1.007695    0.003979    0.889250    1.136254    1.004155    293.08    350.57    1.000
      clockrate                1.014512    0.002268    0.923810    1.109596    1.011140    198.77    244.52    1.000
      clockrate                1.041931    0.001319    0.974139    1.115831    1.040639    192.91    202.01    1.004
      clockrate                1.055784    0.004249    0.938587    1.191688    1.049851     56.02     81.73    1.007
      clockrate                1.057101    0.001374    0.984047    1.128220    1.056573     77.78    102.44    1.000
      clockrate                1.066970    0.001677    0.985436    1.145468    1.066178     42.95     81.42    1.004
      clockrate                1.041679    0.001891    0.954291    1.126198    1.039988    200.31    245.09    1.011
      clockrate                0.975508    0.002104    0.889953    1.068878    0.974108    328.06    399.76    1.001
      clockrate                1.038379    0.001965    0.951692    1.126151    1.037157    281.51    300.19    1.000
      clockrate                1.023758    0.003666    0.902357    1.141023    1.023571    111.06    178.59    1.000
      clockrate                1.061722    0.001777    0.981026    1.146234    1.060909    238.54    304.74    1.000
      clockrate                0.977120    0.001485    0.905620    1.054875    0.975406     90.24    141.17    1.008
      clockrate                1.057236    0.002744    0.958509    1.165394    1.054895    387.25    493.35    1.000
      clockrate                1.029316    0.005551    0.886072    1.175065    1.025129    128.28    156.57    1.002
      clockrate                1.056600    0.003106    0.947955    1.166586    1.053876    281.39    396.98    1.010
      clockrate                1.130338    0.002215    1.042577    1.227283    1.128942    174.09    254.92    1.002
      clockrate                1.020558    0.001963    0.936686    1.110532    1.018940    243.16    270.28    1.004
      clockrate                1.048837    0.002836    0.944766    1.150728    1.046835    137.78    152.00    1.000
      clockrate                0.999498    0.001085    0.934160    1.062644    0.998276    481.85    507.56    1.003
      clockrate                1.047864    0.003967    0.927174    1.170048    1.043920     99.81    102.97    1.001
      clockrate                1.067324    0.005202    0.931960    1.214734    1.063542    161.01    177.40    1.000
      clockrate                1.035618    0.002062    0.949959    1.126589    1.034294     98.10    150.70    1.004
      clockrate                0.973123    0.007137    0.815983    1.141390    0.967266    196.04    235.29    1.000
      clockrate                1.038189    0.001257    0.970134    1.108253    1.037570    124.42    126.15    1.004
      clockrate                1.070357    0.001899    0.985828    1.155938    1.068125    166.15    224.95    1.015
      clockrate                1.002684    0.001513    0.927085    1.080925    1.000300     96.66    111.20    1.016
      clockrate                1.043178    0.001807    0.960911    1.126891    1.042607     59.18    162.59    1.025
      clockrate                0.968029    0.001493    0.892176    1.042955    0.966650    106.81    109.22    1.004
      clockrate                1.106295    0.008220    0.941005    1.290391    1.097189     74.25     82.88    1.003
      clockrate                1.034136    0.004029    0.911198    1.157662    1.031174    180.77    254.28    1.000
      clockrate                1.054527    0.003280    0.945235    1.167648    1.051853    292.57    308.81    1.002
      clockrate                1.083117    0.003436    0.973899    1.202762    1.080734    146.41    218.86    1.000
      clockrate                1.024848    0.001336    0.954723    1.097530    1.024044    250.54    322.05    1.000
      clockrate                1.013043    0.002447    0.916953    1.110581    1.011434    361.35    405.57    1.001
      clockrate                0.955542    0.001577    0.877034    1.031351    0.954694    286.34    342.98    1.003
      clockrate                1.053157    0.002349    0.956451    1.144740    1.052070    210.09    351.24    1.007
      clockrate                0.999463    0.002236    0.908746    1.096243    0.997903    257.32    261.11    1.000
      clockrate                1.237921    0.039268    0.898853    1.632141    1.208841     48.23    116.33    1.002
      clockrate                1.010887    0.001958    0.922541    1.097010    1.009275     90.70    117.98    1.030
      clockrate                0.987786    0.005593    0.849308    1.137242    0.981476    195.31    225.77    1.002
      clockrate                1.021162    0.001563    0.944351    1.098793    1.019750    173.88    228.64    1.000
      clockrate                1.141761    0.006660    0.998889    1.305120    1.137252    210.96    291.84    1.000
      clockrate                1.028749    0.002091    0.938643    1.117558    1.027282     70.72     78.06    1.012
      clockrate                0.968957    0.001363    0.899421    1.043771    0.966211     61.83     74.22    1.024
      clockrate                0.983909    0.002103    0.891771    1.069745    0.982459    195.69    205.47    1.001
      clockrate                1.042288    0.002519    0.946878    1.142344    1.040916    182.81    190.29    1.000
      clockrate                1.073890    0.003012    0.966397    1.180439    1.073201    169.42    334.80    1.004
      clockrate                1.029498    0.001447    0.956132    1.105129    1.028477    150.72    246.21    1.008
      clockrate                1.071999    0.003600    0.958202    1.191378    1.067579     42.40    109.93    1.005
      clockrate                0.993410    0.003180    0.885488    1.106175    0.991216    186.18    207.64    1.000
      clockrate                1.017262    0.002467    0.917717    1.112401    1.015936    152.65    239.07    1.000
      clockrate                1.116640    0.004322    1.003022    1.254866    1.109890     56.29     71.54    1.001
      clockrate                1.031391    0.001763    0.949179    1.113308    1.029988     76.54    218.03    1.013
      clockrate                1.037820    0.002102    0.949488    1.127068    1.036067    176.17    208.09    1.012
      clockrate                1.021324    0.001151    0.955056    1.088373    1.020063     50.72     62.94    1.007
      clockrate                1.050743    0.006221    0.897716    1.202893    1.046043    182.89    191.43    1.001
      clockrate                0.988765    0.001433    0.914221    1.063976    0.987403     51.71    118.83    1.004
      clockrate                0.998945    0.001820    0.918852    1.085983    0.996523    197.28    215.49    1.004
      clockrate                1.028704    0.001738    0.945572    1.110595    1.028422    157.29    217.82    1.003
      clockrate                1.035244    0.004155    0.911762    1.163928    1.032077    192.90    202.36    1.006
      clockrate                1.049818    0.001417    0.975454    1.121604    1.049322    199.02    223.30    1.000
      clockrate                1.022999    0.002419    0.928657    1.120945    1.022372    227.88    229.52    1.002
