      age[0]                   0.959197    0.001072    0.903651    1.026828    0.954080    1.005    2
      age[0]                  0.991046    0.000274    0.965433    1.026111    0.987699    1.004    2
      age[0]                   1.023822    0.000481    0.983657    1.072605    1.023260    1.167    2
      age[0]                   1.007991    0.000276    0.975121    1.040658    1.008089    1.001    2
      age[0]                   1.011035    0.000352    0.977832    1.053059    1.009684    1.001    2
      age[0]                  0.973547    0.000347    0.937112    1.009380    0.972237    1.001    2
      age[0]                  1.004489    0.000119    0.983921    1.026680    1.004121    1.004    2
      age[0]                  0.868843    0.002613    0.762666    0.960215    0.870680    1.050    2
      age[0]                  1.008012    0.000381    0.974794    1.047789    1.005960    1.000    2
      age[0]                   0.982468    0.000373    0.948179    1.023037    0.980940    1.003    2
      age[0]                  0.952594    0.000604    0.898773    0.996014    0.953263    1.006    2
      age[0]                  0.947025    0.007161    0.831197    1.093136    0.945599    1.014    2
      age[0]                  0.985454    0.001018    0.925025    1.049121    0.982895    1.002    2
      age[0]                  0.933583    0.002906    0.848970    1.040611    0.921004    1.034    2
      age[0]                   1.004873    0.000503    0.967216    1.053277    1.002101    1.000    2
      age[0]                   0.990499    0.000205    0.961318    1.017790    0.990197    1.000    2
      age[0]                   0.993470    0.000087    0.977751    1.011506    0.992342    1.003    2
      age[0]                  1.004039    0.001124    0.938032    1.069298    1.002137    1.002    2
      age[0]                  0.961070    0.012497    0.743881    1.185523    0.961800    1.000    2
      age[0]                  0.983608    0.000492    0.951794    1.025701    0.979904    1.004    2
      age[0]                   0.975500    0.000192    0.949662    1.003038    0.974724    1.000    2
      age[0]                  0.996842    0.000139    0.979085    1.018548    0.994748    1.000    2
      age[0]                  0.975847    0.001312    0.911428    1.053495    0.973097    1.003    2
      age[0]                  0.968376    0.000470    0.927143    1.010884    0.967743    1.001    2
      age[0]                   0.991983    0.001226    0.920361    1.059150    0.993107    1.028    2
      age[0]                  0.999855    0.001243    0.933020    1.072033    0.998664    1.003    2
      age[0]                  0.978008    0.000627    0.930040    1.027502    0.977005    1.000    2
      age[0]                  0.965856    0.000427    0.925434    1.005421    0.965165    1.002    2
      age[0]                  0.937799    0.001120    0.874729    1.006234    0.938548    1.002    2
      age[0]                  0.971031    0.000658    0.918729    1.019996    0.970447    1.009    2
      age[0]                   0.985567    0.000693    0.937406    1.040167    0.982534    1.005    2
      age[0]                  1.030506    0.000745    0.981633    1.088739    1.029305    1.000    2
      age[0]                  0.997414    0.000226    0.971601    1.030090    0.995366    1.005    2
      age[0]                  0.996585    0.000452    0.970765    1.038727    0.991369    1.001    2
      age[0]                   0.966944    0.000145    0.944067    0.990831    0.966465    1.007    2
      age[0]                  1.006291    0.000239    0.976154    1.037216    1.005735    1.000    2
      age[0]                  1.011425    0.001231    0.947713    1.083366    1.008805    1.001    2
      age[0]                  0.917939    0.001186    0.881017    0.984553    0.905484    1.045    2
      age[0]                  1.000517    0.000221    0.979600    1.030427    0.996767    1.001    2
      age[0]                  1.006668    0.000232    0.976842    1.036392    1.006292    1.006    2
      age[0]                   0.948691    0.000454    0.909339    0.991691    0.946885    1.019    2
      age[0]                  0.975107    0.001347    0.915266    1.059330    0.969526    1.003    2
      age[0]                   0.944350    0.001088    0.879981    1.009874    0.944658    1.010    2
      age[0]                   0.996713    0.000291    0.966024    1.031550    0.996343    1.000    2
      age[0]                  0.981000    0.000383    0.954276    1.022354    0.974814    1.012    2
      age[0]                  1.002177    0.000206    0.975148    1.030903    1.001400    1.000    2
      age[0]                  0.991994    0.000229    0.964703    1.024777    0.990976    1.004    2
      age[0]                  1.006953    0.000549    0.965113    1.056145    1.005424    1.003    2
      age[0]                  1.004474    0.000206    0.979559    1.034303    1.002433    1.000    2
      age[0]                   1.019558    0.000333    0.985814    1.059139    1.018821    1.053    2
      age[0]                  0.991561    0.000206    0.964172    1.020324    0.990270    1.001    2
      age[0]                  0.992526    0.001556    0.924036    1.077698    0.988206    1.001    2
      age[0]                  0.974749    0.000745    0.923734    1.028156    0.973590    1.000    2
      age[0]                  0.945213    0.000782    0.896726    1.001059    0.941717    1.009    2
      age[0]                  0.980768    0.000187    0.954307    1.007239    0.979846    1.000    2
      age[0]                  1.006165    0.000928    0.966030    1.065246    1.002688    1.004    2
      age[0]                   0.991726    0.000451    0.956999    1.035041    0.987826    1.002    2
      age[0]                  0.997191    0.000939    0.941393    1.059115    0.997029    1.000    2
      age[0]                  0.994527    0.000820    0.942916    1.054688    0.992095    1.001    2
      age[0]                  1.009711    0.000402    0.971304    1.051249    1.008856    1.002    2
      age[0]                  1.030243    0.000817    0.976838    1.086524    1.028340    1.000    2
      age[0]                  0.961145    0.000684    0.916819    1.012344    0.957279    1.002    2
      age[0]                  1.005577    0.000220    0.977554    1.035344    1.004974    1.004    2
      age[0]                   0.987825    0.000730    0.936807    1.041635    0.986253    1.015    2
      age[0]                   0.972762    0.000355    0.935704    1.008811    0.971754    1.016    2
      age[0]                  0.997989    0.000502    0.954451    1.043356    0.997463    1.008    2
      age[0]                  0.943315    0.001822    0.858012    1.029926    0.943891    1.005    2
      age[0]                  0.976426    0.000347    0.942904    1.011379    0.974320    1.001    2
      age[0]                  1.011050    0.000878    0.955537    1.070493    1.009366    1.010    2
      age[0]                  0.992465    0.000298    0.960720    1.028125    0.991568    1.001    2
      age[0]                  1.003859    0.000404    0.966342    1.044061    1.002086    1.004    2
      age[0]                  1.002634    0.000364    0.967641    1.041144    1.001277    1.001    2
      age[0]                  0.998704    0.000406    0.960270    1.038240    0.997932    1.007    2
      age[0]                  0.966351    0.000737    0.918222    1.022999    0.964947    1.028    2
      age[0]                  1.017752    0.000399    0.979877    1.056747    1.016057    1.007    2
      age[0]                  0.881788    0.005509    0.792186    1.016091    0.873188    1.005    2
      age[0]                   1.009544    0.000563    0.962765    1.061125    1.009905    1.050    2
      age[0]                  0.996914    0.000525    0.952585    1.040688    0.995852    1.002    2
      age[0]                  0.989666    0.000228    0.960048    1.020028    0.989287    1.003    2
      age[0]                  0.972837    0.000537    0.928555    1.019041    0.971155    1.000    2
      age[0]                  0.947769    0.001057    0.876062    1.008848    0.948338    1.016    2
      age[0]                   0.989813    0.000641    0.944670    1.043806    0.988411    1.039    2
      age[0]                  1.002132    0.000816    0.944796    1.058151    1.001704    1.002    2
      age[0]                  0.930512    0.001621    0.857358    1.006024    0.927422    1.009    2
      age[0]                  1.000046    0.000835    0.944704    1.059759    0.998745    1.000    2
      age[0]                  1.005240    0.000424    0.967939    1.048048    1.004238    1.002    2
      age[0]                  0.914699    0.002381    0.821480    1.014316    0.915532    1.003    2
      age[0]                  0.986048    0.000788    0.938355    1.047760    0.982906    1.003    2
      age[0]                  1.004390    0.000540    0.962431    1.049280    1.002275    1.007    2
      age[0]                  0.958313    0.001615    0.877117    1.033439    0.959285    1.010    2
      age[0]                   0.994847    0.000230    0.965969    1.024663    0.994138    1.002    2
      age[0]                  1.002899    0.000614    0.956898    1.053538    1.002969    1.001    2
      age[0]                   0.998579    0.000214    0.966003    1.024919    0.997909    1.014    2
      age[0]                  0.988755    0.001604    0.915978    1.069083    0.985109    1.000    2
      age[0]                  1.008016    0.000522    0.964743    1.051596    1.007798    1.008    2
      age[0]                   1.008375    0.000312    0.974429    1.039313    1.006118    1.010    2
      age[0]                  0.992845    0.000119    0.971987    1.013440    0.992717    1.001    2
      age[0]                  1.010821    0.000327    0.981261    1.048242    1.007443    1.000    2
      age[0]                  0.947991    0.000665    0.901497    1.005556    0.945781    1.002    2
      age[0]                  0.960269    0.001240    0.891477    1.030204    0.957066    1.012    2
