      TL          8.525772    0.096832    7.936293    9.150029    8.516940   2622.99   2745.24    1.000
      TL          8.302539    0.093928    7.698678    8.900566    8.296101   4660.22   5533.87    1.000
      TL          8.461230    0.080084    7.921712    9.030597    8.454420   7508.64   7712.78    1.000
      TL          7.795414    0.077166    7.248134    8.329902    7.790338   5452.47   5964.51    1.000
      TL          9.143570    0.103385    8.523594    9.775198    9.137954   4463.20   4985.25    1.000
      TL          4.952547    0.057040    4.481945    5.416723    4.944793   8578.95   8679.72    1.000
      TL          7.498763    0.070152    6.996247    8.032770    7.494191   9052.03   9132.31    1.000
      TL          5.095082    0.070659    4.588149    5.623433    5.084953   6489.94   6718.52    1.000
      TL          6.814548    0.077617    6.273749    7.364616    6.807798   6651.70   7096.75    1.001
      TL          9.487955    0.107557    8.845944   10.125160    9.479516   4176.75   4578.04    1.000
      TL          7.441318    0.078922    6.902349    7.998261    7.434103   6739.54   6923.12    1.000
      TL          3.191124    0.059726    2.719194    3.662232    3.178722   6046.01   6360.30    1.000
      TL          6.116232    0.100641    5.516041    6.751780    6.103124   4977.61   5490.78    1.000
      TL          3.354669    0.045185    2.949123    3.776544    3.347264   9318.61   9336.70    1.000
      TL          9.472584    0.100889    8.860427   10.110250    9.466288   5390.15   5599.61    1.000
      TL          9.118470    0.090871    8.523163    9.702724    9.113555   7020.24   7143.45    1.000
      TL          8.571016    0.094677    7.981041    9.181507    8.563787   4110.86   4197.33    1.000
      TL          5.202560    0.073393    4.671761    5.725795    5.195496   7968.21   8270.17    1.000
      TL          2.530232    0.081334    1.995786    3.091321    2.504038   8684.84   9444.02    1.000
      TL          3.774826    0.061450    3.305514    4.266907    3.760650   2447.30   2637.30    1.000
      TL          8.895394    0.088809    8.326002    9.489575    8.887546   5859.76   6380.05    1.000
      TL          5.993438    0.098036    5.397584    6.623587    5.977507   4024.95   4166.07    1.000
      TL          7.350319    0.090646    6.751726    7.933810    7.342901   7701.39   7734.85    1.000
      TL          5.665936    0.074265    5.146127    6.217314    5.656908   6581.43   7101.58    1.000
      TL          7.634604    0.079221    7.091575    8.190299    7.629042   3428.08   4060.96    1.000
      TL          7.309099    0.116286    6.648170    7.981271    7.294663   4635.23   4756.99    1.000
      TL          7.970582    0.085880    7.397731    8.549927    7.963490   8596.37   8832.80    1.000
      TL          7.262827    0.079181    6.705737    7.814547    7.257237   5678.83   6965.10    1.000
      TL          6.966227    0.093030    6.368411    7.556328    6.957073   6386.56   6608.20    1.000
      TL          6.543704    0.060491    6.070125    7.029752    6.538235   8032.55   8242.18    1.000
      TL          7.719588    0.088547    7.142342    8.310359    7.711819   4217.57   4506.19    1.000
      TL          8.622725    0.114472    7.987953    9.309739    8.612794   2630.52   2750.93    1.000
      TL          6.792318    0.067162    6.285071    7.304126    6.787909   7435.35   7504.30    1.000
      TL          4.093711    0.055583    3.650382    4.570045    4.087044   8931.26   9012.84    1.000
      TL          7.323216    0.061630    6.836620    7.806401    7.319447   8295.98   8567.47    1.000
      TL          3.837419    0.043108    3.428367    4.236244    3.831246   7930.49   7934.41    1.000
      TL          4.823523    0.052704    4.376434    5.277552    4.817357   6475.37   7023.99    1.000
      TL          3.430143    0.040433    3.041145    3.825504    3.422278   5596.37   5798.74    1.000
      TL          4.616975    0.055066    4.151583    5.069297    4.612151  11031.22  11045.71    1.000
      TL          5.383733    0.064612    4.888365    5.880618    5.375431   6432.37   6500.37    1.000
      TL          8.779560    0.089052    8.205371    9.373508    8.774261   4998.61   5621.22    1.000
      TL          5.839307    0.065944    5.332378    6.333742    5.831502   6845.48   6910.71    1.000
      TL          8.704280    0.103404    8.091134    9.349241    8.693434   1881.95   1952.10    1.000
      TL          9.228216    0.089130    8.659240    9.828258    9.222332   7969.52   8079.10    1.000
      TL          8.440074    0.099699    7.833907    9.065248    8.433725   4363.24   4546.71    1.001
      TL          5.803706    0.060980    5.325438    6.288526    5.798760   8907.33   9937.75    1.000
      TL          6.362882    0.054710    5.907629    6.815720    6.359029   9640.20   9847.96    1.000
      TL          5.208521    0.068296    4.716266    5.737081    5.199095   7486.54   7921.76    1.000
      TL          7.280327    0.079567    6.721517    7.823464    7.273881   6772.11   6783.87    1.000
      TL          6.859303    0.062308    6.386918    7.359164    6.855660   7615.85   7828.42    1.000
      TL          4.839308    0.067308    4.332577    5.344955    4.829008   4502.75   4952.69    1.000
      TL          4.704346    0.067977    4.195431    5.212043    4.692299   6834.58   7377.03    1.000
      TL          3.935316    0.045638    3.522937    4.356597    3.927667  11143.75  11348.37    1.000
      TL          6.346023    0.067032    5.833503    6.843042    6.340891   9296.70  10132.82    1.000
      TL          6.933516    0.084607    6.380423    7.509513    6.923542   4268.80   4604.79    1.000
      TL          6.777373    0.076767    6.250663    7.326825    6.769346   5638.06   5852.65    1.000
      TL         10.279967    0.115786    9.623242   10.948440   10.275280   5598.26   6138.04    1.000
      TL          5.066092    0.063441    4.579854    5.565073    5.056852   7127.48   7772.51    1.000
      TL          5.726485    0.088856    5.157521    6.319482    5.711619   5134.99   5568.35    1.000
      TL          7.238504    0.081842    6.683261    7.809185    7.230716   5433.43   5444.25    1.000
      TL          3.388796    0.072503    2.877452    3.926361    3.374407   3008.02   3263.04    1.000
      TL          7.627513    0.083422    7.078382    8.198976    7.619759   3379.86   4069.22    1.000
      TL          5.167037    0.059639    4.678710    5.633345    5.159614   6324.65   6744.01    1.000
      TL          9.730499    0.107906    9.074100   10.363130    9.723144   4497.13   4664.79    1.000
      TL          9.309724    0.101195    8.682739    9.927577    9.303217   5769.23   6058.79    1.000
      TL          9.623961    0.130337    8.922228   10.327810    9.614384   3445.57   4026.70    1.001
      TL          4.169692    0.069084    3.672701    4.700382    4.156800   5889.70   6238.58    1.000
      TL          5.817056    0.113220    5.178115    6.484022    5.797815   2749.41   3545.13    1.000
      TL          6.713185    0.082988    6.157665    7.288414    6.704954   7628.31   8023.69    1.000
      TL          6.798811    0.083205    6.249114    7.368489    6.791244   5121.97   6213.49    1.000
      TL          6.952728    0.060509    6.480454    7.444722    6.947080   9128.74   9619.40    1.000
      TL          7.297238    0.109302    6.668149    7.957652    7.284602   4410.52   5320.71    1.000
      TL          8.844703    0.086058    8.277786    9.425843    8.839473   8718.50   9087.64    1.000
      TL          5.503794    0.064248    5.013614    6.005533    5.497439   8736.11   9040.07    1.000
      TL          4.940202    0.049869    4.507709    5.384637    4.935389  11461.56  11499.49    1.000
      TL          3.116187    0.196568    2.356397    4.004747    3.052990   3525.11   3812.10    1.000
      TL          8.312318    0.088276    7.734213    8.891745    8.306474   5669.19   5761.40    1.000
      TL          3.917580    0.050658    3.469015    4.348058    3.907950   9015.89   9735.28    1.000
      TL          7.599690    0.074443    7.061175    8.129808    7.595327   7356.58   8086.78    1.000
      TL          5.100139    0.060559    4.613083    5.577375    5.092863  10555.46  11060.94    1.000
      TL          8.251557    0.094683    7.653895    8.854517    8.243801   4672.12   4877.23    1.000
      TL          9.994357    0.112985    9.340540   10.656480    9.987824   4852.40   5055.83    1.000
      TL          7.552752    0.085321    6.996570    8.133407    7.545890   4729.52   4832.73    1.000
      TL          7.135094    0.084511    6.565195    7.702153    7.126271   4130.03   4379.81    1.000
      TL          5.744549    0.107347    5.123314    6.395414    5.728461   2848.28   3762.60    1.000
      TL          7.718360    0.078121    7.185486    8.283819    7.712583   7848.68   8157.03    1.000
      TL          6.314756    0.088504    5.750758    6.915516    6.305458   2283.32   2518.51    1.000
      TL          5.373796    0.068393    4.860290    5.883516    5.367444   9855.49   9885.96    1.000
      TL          5.030668    0.050319    4.597190    5.472068    5.025760  10760.63  10847.61    1.000
      TL          6.212968    0.071127    5.695494    6.739782    6.205591   9602.04   9905.23    1.000
      TL          9.008555    0.103185    8.387276    9.645947    9.000780   4811.91   5519.53    1.000
      TL          8.528693    0.105906    7.888477    9.163011    8.518006   1710.16   1921.91    1.000
      TL         10.895565    0.160014   10.143150   11.701890   10.882150   1801.74   1886.82    1.000
      TL          4.935471    0.116842    4.285658    5.611152    4.912691   2911.68   3607.39    1.000
      TL          9.037007    0.099020    8.435476    9.662854    9.032640   7065.53   7111.23    1.000
      TL         10.078191    0.104479    9.443694   10.713990   10.073030   5508.18   5607.74    1.000
      TL          4.690765    0.047926    4.260580    5.113740    4.685180   6498.19   6927.25    1.000
      TL          5.767841    0.065084    5.281878    6.274856    5.759418   6654.38   7012.66    1.000
      TL          8.304145    0.106638    7.687892    8.968813    8.293091   3791.57   3978.73    1.000
      TL          6.847286    0.091565    6.271115    7.456506    6.838046   4318.85   4718.82    1.000
