      ilnvar                   0.011117    0.000177    0.000054    0.038584    0.006524     14.15     19.13    1.020
      ilnvar                   0.004284    0.000053    0.000002    0.019194    0.001239     18.84     22.88    1.000
      ilnvar                   0.007494    0.000071    0.000014    0.023962    0.004663     22.43     26.21    1.010
      ilnvar                   0.002583    0.000032    0.000001    0.013353    0.000248     17.04     17.62    1.152
      ilnvar                   0.011520    0.000145    0.000148    0.034740    0.007708     27.63     29.98    1.031
      ilnvar                   0.034659    0.001264    0.000074    0.102663    0.025228     34.59     83.00    1.023
      ilnvar                   0.011376    0.000203    0.000002    0.040195    0.005806      9.41     17.63    1.073
      ilnvar                   0.089041    0.005117    0.000208    0.225717    0.072892     52.08     69.53    1.001
      ilnvar                   0.011080    0.000216    0.000005    0.041465    0.006111     27.60     49.25    1.002
      ilnvar                   0.012401    0.000204    0.000024    0.042730    0.007591     13.61     15.55    1.019
      ilnvar                   0.013236    0.000354    0.000003    0.052413    0.005425     12.09     15.18    1.155
      ilnvar                   0.069252    0.006840    0.000101    0.221600    0.042805     50.12     69.11    1.026
      ilnvar                   0.023615    0.000882    0.000041    0.082240    0.012936     49.48     59.25    1.000
      ilnvar                   0.225823    0.052208    0.000493    0.665665    0.156481     53.08     76.08    1.003
      ilnvar                   0.014970    0.000144    0.000808    0.038380    0.011949     42.40     51.70    1.004
      ilnvar                   0.000228    0.000001    0.000001    0.000835    0.000035     15.40     24.46    1.010
      ilnvar                   0.002559    0.000015    0.000019    0.010973    0.000947     11.58     22.45    1.000
      ilnvar                   0.065518    0.003409    0.000287    0.171486    0.050921    127.61    155.93    1.000
      ilnvar                   0.180435    0.058256    0.000099    0.596271    0.105489    363.16    391.45    1.003
      ilnvar                   0.013354    0.000635    0.000001    0.050231    0.005542     91.47     96.77    1.002
      ilnvar                   0.017259    0.000237    0.000591    0.048275    0.012952     31.47     32.58    1.027
      ilnvar                   0.013504    0.000369    0.000112    0.047346    0.006983     66.34     73.90    1.001
      ilnvar                   0.025816    0.000915    0.000278    0.078411    0.017612     27.50     36.72    1.003
      ilnvar                   0.014173    0.000292    0.000091    0.043602    0.008658     39.94     65.71    1.007
      ilnvar                   0.010107    0.000244    0.000002    0.043042    0.001812     27.33     36.83    1.370
      ilnvar                   0.009857    0.000160    0.000006    0.034759    0.005391     28.70     31.35    1.004
      ilnvar                   0.012285    0.000141    0.000111    0.035045    0.009044     36.51     45.60    1.000
      ilnvar                   0.006795    0.000089    0.000002    0.026395    0.003212     21.51     23.82    1.021
      ilnvar                   0.017656    0.000825    0.000037    0.068826    0.007526     38.23     45.96    1.014
      ilnvar                   0.006128    0.000074    0.000001    0.022525    0.002703     19.21     25.59    1.012
      ilnvar                   0.004833    0.000039    0.000011    0.017083    0.002380     13.62     21.67    1.148
      ilnvar                   0.007484    0.000089    0.000014    0.025119    0.004238     16.84     31.31    1.020
      ilnvar                   0.003852    0.000067    0.000001    0.021558    0.000383     18.46     38.79    1.178
      ilnvar                   0.021252    0.000940    0.000060    0.078654    0.010172     71.36     81.20    1.001
      ilnvar                   0.003903    0.000048    0.000007    0.019649    0.000439     12.38     13.99    1.093
      ilnvar                   0.009345    0.000388    0.000010    0.041260    0.002389     66.06     68.56    1.036
      ilnvar                   0.022802    0.000761    0.000117    0.076680    0.012986     56.08     63.96    1.001
      ilnvar                   0.012199    0.000330    0.000043    0.043486    0.006281     33.55     78.49    1.005
      ilnvar                   0.053233    0.004873    0.000014    0.160575    0.034788     64.47     76.73    1.013
      ilnvar                   0.016956    0.000455    0.000062    0.058617    0.009173     48.52     64.58    1.007
      ilnvar                   0.014734    0.000363    0.000007    0.053769    0.007138      8.98     14.73    1.098
      ilnvar                   0.015148    0.000381    0.000059    0.053322    0.008197     21.46     38.33    1.000
      ilnvar                   0.006173    0.000065    0.000114    0.021782    0.003229     14.25     24.69    1.076
      ilnvar                   0.010877    0.000151    0.000119    0.035409    0.006156     21.64     23.67    1.057
      ilnvar                   0.012293    0.000197    0.000016    0.040930    0.007475     18.90     43.63    1.034
      ilnvar                   0.005491    0.000069    0.000001    0.021921    0.002242     15.11     48.65    1.030
      ilnvar                   0.004001    0.000026    0.000013    0.015020    0.002061     19.06     28.80    1.001
      ilnvar                   0.069700    0.003667    0.001659    0.189951    0.054050     66.75     93.50    1.002
      ilnvar                   0.009901    0.000196    0.000053    0.035038    0.005516     43.14     46.46    1.079
      ilnvar                   0.018031    0.000361    0.000309    0.054184    0.011902     11.42     24.39    1.029
      ilnvar                   0.011717    0.000249    0.000088    0.041984    0.006265     57.17     79.65    1.009
      ilnvar                   0.035330    0.002947    0.000043    0.149007    0.013811     34.22     35.82    1.000
      ilnvar                   0.031476    0.002750    0.000024    0.119875    0.013720     44.50     46.60    1.002
      ilnvar                   0.001640    0.000013    0.000002    0.008559    0.000228     27.93     30.98    1.003
      ilnvar                   0.006191    0.000095    0.000001    0.024851    0.002391     21.02     23.14    1.009
      ilnvar                   0.018610    0.000510    0.000008    0.062102    0.009178     16.31     25.14    1.046
      ilnvar                   0.004420    0.000064    0.000005    0.018531    0.001466     11.81     21.24    1.019
      ilnvar                   0.012880    0.000340    0.000029    0.049089    0.005328     26.01     40.71    1.005
      ilnvar                   0.047176    0.002301    0.000663    0.141396    0.032891     51.10     88.00    1.014
      ilnvar                   0.010394    0.000206    0.000001    0.039611    0.004908     21.41     31.93    1.007
      ilnvar                   0.169578    0.016140    0.007146    0.414159    0.138042     60.37    100.70    1.000
      ilnvar                   0.000304    0.000000    0.000001    0.001470    0.000060     23.59     29.02    1.005
      ilnvar                   0.014067    0.000463    0.000004    0.058698    0.004091     12.49     19.31    1.069
      ilnvar                   0.000763    0.000002    0.000001    0.003036    0.000245     22.53     25.52    1.004
      ilnvar                   0.012625    0.000197    0.000034    0.040545    0.008161     26.93     29.53    1.000
      ilnvar                   0.005442    0.000068    0.000005    0.020996    0.002317     18.02     25.42    1.016
      ilnvar                   0.041557    0.002603    0.000044    0.139257    0.023687     81.52    106.00    1.003
      ilnvar                   0.036332    0.001210    0.000942    0.105439    0.025120    131.01    145.36    1.010
      ilnvar                   0.029330    0.001093    0.000064    0.097935    0.017453     46.25     50.26    1.000
      ilnvar                   0.012333    0.000239    0.000065    0.041649    0.007264     53.12     73.84    1.009
      ilnvar                   0.006369    0.000092    0.000021    0.025144    0.002918     20.93     29.64    1.035
      ilnvar                   0.009947    0.000134    0.000082    0.032722    0.006113     75.06     77.35    1.007
      ilnvar                   0.003979    0.000052    0.000001    0.017118    0.000715     12.37     13.09    1.001
      ilnvar                   0.007956    0.000124    0.000042    0.028942    0.004031     68.43     78.20    1.000
      ilnvar                   0.011475    0.000294    0.000001    0.042527    0.005713     18.89     38.86    1.021
      ilnvar                   0.153497    0.062542    0.000176    0.588881    0.070932    301.19    355.72    1.000
      ilnvar                   0.013519    0.000216    0.000048    0.043464    0.008639     28.41     29.04    1.001
      ilnvar                   0.075620    0.009621    0.000036    0.271648    0.042394     50.18     64.22    1.000
      ilnvar                   0.041075    0.000907    0.001488    0.099162    0.034865     19.86     33.08    1.080
      ilnvar                   0.099755    0.007906    0.000916    0.277614    0.075856     69.97     70.33    1.001
      ilnvar                   0.010184    0.000380    0.000016    0.040524    0.003400     17.09     19.36    1.140
      ilnvar                   0.006503    0.000203    0.000001    0.027325    0.001337     17.46     26.95    1.079
      ilnvar                   0.012109    0.000117    0.000051    0.032876    0.009480     19.04     40.28    1.079
      ilnvar                   0.025711    0.001037    0.000001    0.086139    0.015803     32.31     57.50    1.354
      ilnvar                   0.020655    0.000937    0.000070    0.082725    0.008104     66.16     80.87    1.002
      ilnvar                   0.012342    0.000221    0.000053    0.041004    0.007666     30.95     45.07    1.007
      ilnvar                   0.010243    0.000211    0.000009    0.037966    0.004790     31.99     37.00    1.001
      ilnvar                   0.016510    0.000687    0.000003    0.067491    0.007053     43.39     52.21    1.037
      ilnvar                   0.004646    0.000094    0.000001    0.021334    0.000741     16.94     23.71    1.011
      ilnvar                   0.033523    0.001537    0.000046    0.110750    0.020833     30.41     37.14    1.034
      ilnvar                   0.015107    0.000193    0.000018    0.043059    0.010645     21.37     32.68    1.005
      ilnvar                   0.009926    0.000217    0.000007    0.039134    0.004514     28.48     30.92    1.034
      ilnvar                   0.003424    0.000058    0.000001    0.018569    0.000130     12.53     13.07    1.150
      ilnvar                   0.040060    0.003088    0.000128    0.141838    0.021105     60.51     99.08    1.011
      ilnvar                   0.002976    0.000035    0.000004    0.015115    0.000321     15.12     17.32    1.016
      ilnvar                   0.005711    0.000059    0.000020    0.020141    0.003262     18.24     27.93    1.003
      ilnvar                   0.002222    0.000017    0.000001    0.009914    0.000644     37.39     45.65    1.001
      ilnvar                   0.036199    0.001876    0.000206    0.114506    0.021791     54.03     56.03    1.048
      ilnvar                   0.001784    0.000019    0.000002    0.007957    0.000313     19.64     27.68    1.031
      ilnvar                   0.021031    0.000454    0.000049    0.063189    0.015043     20.23     34.26    1.059
