      age[0]                   0.991592    0.003018    0.903109    1.105437    0.982569    1.001    2
      age[0]                   1.011338    0.000461    0.975525    1.057213    1.007840    1.009    2
      age[0]                   1.018759    0.000513    0.976020    1.063757    1.016712    1.001    2
      age[0]                   1.012112    0.000530    0.970474    1.059613    1.009998    1.000    2
      age[0]                   1.013379    0.000606    0.966143    1.063290    1.011253    1.010    2
      age[0]                  0.987878    0.000767    0.935033    1.043398    0.986134    1.011    2
      age[0]                  0.990665    0.000181    0.965295    1.017012    0.989260    1.001    2
      age[0]                  0.796135    0.002456    0.723930    0.895901    0.784093    1.002    2
      age[0]                  1.006064    0.000557    0.963021    1.053415    1.003659    1.003    2
      age[0]                   0.979306    0.000760    0.926339    1.032703    0.976789    1.001    2
      age[0]                  0.961818    0.000898    0.902490    1.019409    0.963039    1.083    2
      age[0]                  0.977832    0.010423    0.831211    1.161119    0.972333    1.023    2
      age[0]                  0.979722    0.002432    0.882085    1.076835    0.977055    1.003    2
      age[0]                  0.897718    0.002506    0.805039    0.995962    0.890760    1.002    2
      age[0]                   0.994553    0.000580    0.949231    1.041581    0.993269    1.005    2
      age[0]                   0.980218    0.000291    0.949920    1.014940    0.978739    1.001    2
      age[0]                   0.997650    0.000220    0.973192    1.028357    0.995179    1.001    2
      age[0]                  0.972075    0.001357    0.903944    1.048176    0.969547    1.000    2
      age[0]                  0.931140    0.013204    0.709418    1.156890    0.926818    1.000    2
      age[0]                  0.984891    0.000596    0.951795    1.031706    0.980568    1.001    2
      age[0]                   1.000831    0.000653    0.953214    1.052617    0.999329    1.000    2
      age[0]                  1.006714    0.000297    0.979088    1.038581    1.004040    1.000    2
      age[0]                  0.934909    0.001938    0.851110    1.022068    0.932542    1.001    2
      age[0]                  0.963303    0.000899    0.906949    1.020463    0.960945    1.000    2
      age[0]                   0.985599    0.001454    0.912078    1.062459    0.982045    1.175    2
      age[0]                  0.991956    0.002192    0.903897    1.081935    0.988054    1.001    2
      age[0]                  0.957899    0.000955    0.902623    1.021300    0.955152    1.000    2
      age[0]                  0.963095    0.000837    0.907737    1.020914    0.961272    1.000    2
      age[0]                  0.953632    0.002332    0.865474    1.056592    0.949837    1.003    2
      age[0]                   0.934219    0.001015    0.874885    0.997799    0.932029    1.019    2
      age[0]                   0.961799    0.000725    0.913312    1.017480    0.958659    1.008    2
      age[0]                   0.986174    0.000834    0.931523    1.043759    0.984482    1.013    2
      age[0]                   1.007134    0.000292    0.972857    1.039846    1.006423    1.014    2
      age[0]                  1.002772    0.000725    0.970762    1.054862    0.996318    1.000    2
      age[0]                   0.968037    0.000262    0.937388    1.000302    0.966907    1.017    2
      age[0]                  0.981128    0.000333    0.947452    1.017030    0.979406    1.006    2
      age[0]                  1.004136    0.001746    0.917280    1.085056    1.002359    1.009    2
      age[0]                  0.911084    0.000992    0.877410    0.979747    0.897507    1.010    2
      age[0]                  1.007250    0.000643    0.970799    1.061068    1.000691    1.003    2
      age[0]                  0.991737    0.000325    0.958198    1.028625    0.990035    1.002    2
      age[0]                   0.947111    0.000873    0.887226    1.006554    0.946080    1.017    2
      age[0]                  0.980018    0.001311    0.913868    1.055150    0.976611    1.000    2
      age[0]                   0.929853    0.001294    0.858765    1.001663    0.928678    1.004    2
      age[0]                   0.963646    0.000381    0.926097    1.002771    0.962668    1.002    2
      age[0]                  0.984417    0.000660    0.950465    1.040932    0.976451    1.002    2
      age[0]                  1.000219    0.000371    0.965104    1.037934    0.998451    1.003    2
      age[0]                   0.999255    0.000616    0.953542    1.048149    0.997690    1.011    2
      age[0]                  0.989274    0.001356    0.918652    1.056146    0.985718    1.001    2
      age[0]                  1.001832    0.000297    0.970881    1.036998    1.000280    1.002    2
      age[0]                   1.008817    0.000815    0.957985    1.065377    1.007073    1.015    2
      age[0]                  0.967026    0.000301    0.936021    1.001239    0.965136    1.002    2
      age[0]                  1.005349    0.002953    0.890664    1.107182    1.005251    1.003    2
      age[0]                  0.955871    0.002289    0.859499    1.050300    0.954143    1.013    2
      age[0]                  0.912059    0.000921    0.856225    0.976202    0.910310    1.006    2
      age[0]                  0.972704    0.000344    0.938619    1.010277    0.971123    1.000    2
      age[0]                  0.996837    0.000719    0.966031    1.054441    0.988883    1.000    2
      age[0]                   0.992853    0.000283    0.960354    1.024425    0.991519    1.002    2
      age[0]                  0.994440    0.001420    0.922785    1.070903    0.992748    1.000    2
      age[0]                  0.969210    0.001039    0.906683    1.035748    0.967187    1.006    2
      age[0]                  0.987348    0.000576    0.940776    1.036002    0.985341    1.005    2
      age[0]                  1.010849    0.001707    0.956545    1.091200    1.001957    1.000    2
      age[0]                   0.964323    0.001139    0.909279    1.034455    0.957879    1.000    2
      age[0]                  1.003926    0.000385    0.966095    1.042252    1.003071    1.012    2
      age[0]                   0.971836    0.000439    0.933881    1.013739    0.969340    1.000    2
      age[0]                   0.951378    0.000492    0.909591    0.996792    0.948929    1.001    2
      age[0]                   0.995629    0.000761    0.942980    1.047201    0.995335    1.007    2
      age[0]                  0.939129    0.003189    0.832725    1.055869    0.936025    1.001    2
      age[0]                  0.963973    0.000536    0.921958    1.009822    0.961172    1.003    2
      age[0]                  1.007646    0.002083    0.921109    1.100516    1.004856    1.004    2
      age[0]                  1.019655    0.000921    0.964984    1.082187    1.017205    1.000    2
      age[0]                  0.978442    0.000548    0.935517    1.022260    0.976143    1.024    2
      age[0]                  0.988853    0.000749    0.938504    1.043565    0.986054    1.000    2
      age[0]                   0.968678    0.000550    0.927044    1.016781    0.966172    1.003    2
      age[0]                  0.963055    0.001817    0.883638    1.044939    0.959710    1.037    2
      age[0]                  0.991287    0.000459    0.951136    1.033103    0.988954    1.002    2
      age[0]                  0.918128    0.007039    0.792186    1.069183    0.906539    1.001    2
      age[0]                   1.014931    0.001221    0.948422    1.084858    1.013327    1.034    2
      age[0]                  0.982345    0.001077    0.919269    1.048281    0.980438    1.000    2
      age[0]                   0.981548    0.000480    0.940383    1.024453    0.980563    1.004    2
      age[0]                  0.952468    0.001009    0.889172    1.013077    0.950331    1.003    2
      age[0]                  0.961993    0.002012    0.867762    1.052232    0.961393    1.180    2
      age[0]                   0.992756    0.001294    0.923190    1.065796    0.991435    1.010    2
      age[0]                   0.993124    0.001117    0.928318    1.054165    0.990395    1.003    2
      age[0]                  0.884107    0.002032    0.790882    0.967764    0.884089    1.112    2
      age[0]                  0.997816    0.001716    0.915913    1.079523    0.996914    1.000    2
      age[0]                  0.966678    0.000466    0.923739    1.007531    0.964733    1.010    2
      age[0]                  0.914162    0.003627    0.793511    1.030447    0.912786    1.003    2
      age[0]                  0.960905    0.000790    0.911033    1.015006    0.958214    1.001    2
      age[0]                  1.015444    0.000989    0.955638    1.076773    1.013814    1.000    2
      age[0]                  0.966534    0.002963    0.866902    1.069591    0.962264    1.007    2
      age[0]                   0.988996    0.000450    0.949655    1.032559    0.987555    1.000    2
      age[0]                  1.010053    0.001046    0.949010    1.075588    1.008677    1.000    2
      age[0]                   1.020316    0.000903    0.970370    1.076593    1.021024    1.507    2
      age[0]                  0.960782    0.002261    0.874856    1.055176    0.956439    1.005    2
      age[0]                   1.005039    0.000635    0.958085    1.053513    1.002719    1.005    2
      age[0]                   1.011849    0.000272    0.980825    1.044559    1.010538    1.001    2
      age[0]                  1.004573    0.000351    0.970737    1.044782    1.002698    1.004    2
      age[0]                  1.019133    0.001045    0.962752    1.078865    1.015064    1.018    2
      age[0]                   0.934450    0.001156    0.869666    1.002457    0.931391    1.035    2
      age[0]                  0.908588    0.001631    0.824989    0.983209    0.908023    1.022    2
