      clockrate                0.992185    0.002590    0.891241    1.091371    0.990490     92.98    118.36    1.002
      clockrate                0.986222    0.002007    0.899807    1.073700    0.985290    437.24    475.58    1.000
      clockrate                0.966233    0.001736    0.887813    1.050775    0.964977    213.78    242.59    1.000
      clockrate                1.041410    0.002054    0.956187    1.132389    1.039139     43.63    120.03    1.015
      clockrate                1.047294    0.002925    0.946207    1.157362    1.044989    132.94    154.25    1.004
      clockrate                1.087701    0.006810    0.931137    1.254577    1.082083    472.00    506.22    1.019
      clockrate                1.012944    0.001947    0.931550    1.104454    1.010303    143.01    405.88    1.017
      clockrate                1.250959    0.020689    0.987290    1.536348    1.235800    123.14    129.06    1.003
      clockrate                0.999838    0.003650    0.883996    1.118757    0.996731    178.30    292.62    1.002
      clockrate                1.055290    0.003075    0.947754    1.164599    1.053388     68.49    106.83    1.009
      clockrate                0.994115    0.002836    0.895175    1.100017    0.989156     31.62     69.68    1.089
      clockrate                1.007500    0.012058    0.801696    1.236647    1.000230    166.95    193.62    1.004
      clockrate                1.042595    0.006957    0.881904    1.207853    1.038076    173.41    186.47    1.002
      clockrate                1.331970    0.056308    0.925489    1.826042    1.290412     41.11     74.54    1.001
      clockrate                0.998597    0.002232    0.905830    1.090463    0.996514    283.15    305.90    1.002
      clockrate                1.058692    0.001280    0.990036    1.129265    1.058013    159.74    197.38    1.002
      clockrate                1.000074    0.001434    0.927470    1.075907    0.999120    458.87    535.65    1.000
      clockrate                1.208132    0.019779    0.959177    1.491839    1.194262    129.29    162.03    1.002
      clockrate                1.241526    0.058803    0.847736    1.747443    1.201465    239.32    279.40    1.003
      clockrate                1.065519    0.004539    0.940228    1.198585    1.060309    208.14    208.58    1.001
      clockrate                1.001936    0.002744    0.901651    1.105242    1.000238    154.62    173.68    1.018
      clockrate                1.075583    0.003586    0.959981    1.194500    1.074010    520.44    536.04    1.000
      clockrate                1.165790    0.009393    0.986354    1.351596    1.157553     97.82    142.85    1.000
      clockrate                1.037933    0.004137    0.916824    1.167143    1.034208    101.87    119.38    1.000
      clockrate                1.009613    0.002994    0.908407    1.119531    1.005235    137.51    150.10    1.203
      clockrate                0.997438    0.004279    0.866784    1.123273    0.995587    224.13    286.61    1.000
      clockrate                1.075407    0.005020    0.934719    1.212195    1.073645    302.53    307.35    1.000
      clockrate                1.052085    0.003303    0.943216    1.165618    1.049587    116.83    177.34    1.002
      clockrate                1.048865    0.007228    0.889070    1.217853    1.042607     87.41    120.52    1.000
      clockrate                1.052677    0.002385    0.958869    1.149234    1.050886    109.47    119.11    1.018
      clockrate                1.062961    0.003514    0.947016    1.182111    1.061128    210.71    229.15    1.023
      clockrate                1.040239    0.002839    0.938725    1.149432    1.037498     73.89    210.59    1.009
      clockrate                0.941136    0.001415    0.871758    1.018473    0.939256    190.89    201.82    1.057
      clockrate                1.126394    0.006369    0.968241    1.280681    1.122675    321.78    540.63    1.000
      clockrate                1.002698    0.001516    0.929252    1.081932    1.001291     49.48    153.67    1.028
      clockrate                0.955125    0.003572    0.838517    1.072247    0.951130    174.26    190.83    1.014
      clockrate                0.992600    0.005541    0.848410    1.140261    0.988022    100.67    158.34    1.002
      clockrate                1.051208    0.004119    0.926957    1.176693    1.049347    215.32    255.52    1.001
      clockrate                1.063944    0.011607    0.871317    1.256800    1.054947     98.75    255.58    1.002
      clockrate                1.089390    0.004082    0.964220    1.216109    1.085715    204.13    214.99    1.002
      clockrate                1.036740    0.003258    0.928676    1.149994    1.032117     25.16     44.50    1.056
      clockrate                1.073188    0.004983    0.941657    1.216937    1.067000     42.23     96.80    1.002
      clockrate                1.064447    0.001960    0.979628    1.153056    1.063090    122.22    142.21    1.023
      clockrate                1.120951    0.002758    1.020710    1.224964    1.119203    138.74    148.59    1.001
      clockrate                1.029746    0.002971    0.919711    1.134736    1.028498    120.60    144.80    1.001
      clockrate                1.010380    0.002801    0.904469    1.112778    1.009105    503.91    554.37    1.000
      clockrate                1.013093    0.002746    0.911789    1.115934    1.011060    308.60    314.08    1.000
      clockrate                1.067119    0.011358    0.868585    1.281926    1.059281    133.76    134.53    1.001
      clockrate                1.046073    0.002516    0.949445    1.145946    1.043872    230.64    234.09    1.022
      clockrate                0.996551    0.003323    0.889272    1.115289    0.990233     35.81     58.48    1.018
      clockrate                1.098606    0.004259    0.969645    1.219162    1.094421    160.80    258.18    1.001
      clockrate                1.006056    0.014594    0.808893    1.273941    0.982846     28.90     34.25    1.004
      clockrate                1.091696    0.011474    0.902494    1.302072    1.076559    102.63    147.64    1.006
      clockrate                1.143527    0.002571    1.042959    1.241994    1.142791    176.58    255.48    1.004
      clockrate                1.083349    0.003141    0.978670    1.199746    1.080866    167.71    221.50    1.002
      clockrate                1.067710    0.004923    0.937208    1.207380    1.059358     37.01     55.97    1.018
      clockrate                1.010101    0.001539    0.936337    1.090404    1.008537    152.24    209.90    1.000
      clockrate                1.006551    0.003766    0.894585    1.135054    1.001934    111.97    128.32    1.000
      clockrate                1.146056    0.011725    0.957419    1.377969    1.134267    119.06    190.90    1.012
      clockrate                1.051060    0.003720    0.937789    1.176958    1.047111    102.97    111.58    1.002
      clockrate                1.198989    0.031823    0.861405    1.549954    1.178921     85.31    109.43    1.004
      clockrate                1.033380    0.001956    0.947739    1.122476    1.033304    249.28    275.13    1.002
      clockrate                1.044273    0.004448    0.918215    1.180944    1.038083     53.10     72.60    1.036
      clockrate                0.981586    0.001290    0.910197    1.051229    0.981231    367.93    370.22    1.001
      clockrate                1.119720    0.002714    1.021221    1.223712    1.117557    128.86    217.56    1.001
      clockrate                0.956722    0.002248    0.865413    1.049456    0.954520     63.21    122.04    1.001
      clockrate                1.143171    0.015267    0.915699    1.382297    1.130601    122.09    145.31    1.001
      clockrate                1.088113    0.008173    0.909556    1.264076    1.082658    327.64    382.80    1.003
      clockrate                1.080196    0.009746    0.910264    1.290495    1.066118    106.05    108.42    1.002
      clockrate                1.102976    0.005998    0.953094    1.252581    1.097789     90.84    112.83    1.002
      clockrate                1.038523    0.001945    0.954526    1.126089    1.036566    165.74    184.72    1.000
      clockrate                1.044881    0.004846    0.909465    1.181145    1.042425    342.34    356.35    1.000
      clockrate                1.011331    0.002544    0.914298    1.113416    1.010868    387.35    416.51    1.002
      clockrate                1.052071    0.004846    0.920315    1.191350    1.048606    110.21    204.37    1.014
      clockrate                1.019401    0.003122    0.912543    1.131382    1.016277    151.45    285.33    1.003
      clockrate                1.178918    0.042918    0.804224    1.598209    1.156371    266.20    274.24    1.002
      clockrate                1.017987    0.003446    0.905145    1.133694    1.014236     83.23     95.57    1.009
      clockrate                1.003811    0.017238    0.803892    1.289115    0.977604     58.96     78.56    1.000
      clockrate                1.058308    0.003409    0.950867    1.177272    1.054780    168.76    207.50    1.019
      clockrate                1.275184    0.024445    1.000140    1.592778    1.255179     91.40    100.88    1.001
      clockrate                1.061257    0.003985    0.936930    1.188336    1.055648     25.06    107.78    1.133
      clockrate                0.938843    0.001977    0.854055    1.027528    0.935949     55.60     73.79    1.045
      clockrate                1.007508    0.002684    0.902760    1.105549    1.005739    102.40    180.53    1.016
      clockrate                1.110432    0.005522    0.967692    1.259359    1.106345    169.34    194.93    1.094
      clockrate                1.069414    0.009505    0.899238    1.267933    1.057155     97.32    111.67    1.002
      clockrate                1.057607    0.002519    0.960431    1.155785    1.054884    230.80    256.16    1.002
      clockrate                1.053803    0.005248    0.917266    1.200714    1.048283     36.98     52.85    1.000
      clockrate                1.046004    0.005876    0.906318    1.202246    1.041362    336.72    359.30    1.000
      clockrate                1.011190    0.003930    0.889318    1.130731    1.008617    131.13    156.03    1.005
      clockrate                1.123547    0.007856    0.955286    1.301496    1.116040     43.04     83.05    1.013
      clockrate                1.077363    0.002872    0.977202    1.186220    1.074987    232.96    287.36    1.001
      clockrate                1.007405    0.003347    0.900352    1.123890    1.003339     95.84    151.72    1.004
      clockrate                0.983636    0.002549    0.887435    1.083599    0.980814     57.03     58.02    1.278
      clockrate                1.142941    0.014468    0.926889    1.386335    1.128052    104.97    113.34    1.008
      clockrate                0.967321    0.002044    0.880282    1.058676    0.966249     79.54     84.08    1.006
      clockrate                1.024654    0.002010    0.936063    1.113011    1.024309    360.35    365.05    1.001
      clockrate                0.995353    0.002371    0.901156    1.091350    0.994800    121.45    184.26    1.000
      clockrate                1.088196    0.013276    0.883764    1.327012    1.075603     68.99     93.41    1.030
      clockrate                1.060558    0.002181    0.967489    1.150613    1.059650    150.37    164.57    1.024
      clockrate                1.087608    0.004899    0.962103    1.232448    1.082802    112.09    131.76    1.006
