      TL          8.202083    0.080292    7.653567    8.766988    8.193841   4947.62   6038.09    1.000
      TL          7.377993    0.078889    6.841097    7.940004    7.370206   4849.75   5073.97    1.000
      TL          8.412086    0.076369    7.865721    8.946999    8.408707   8695.30   9293.41    1.000
      TL          7.726293    0.069332    7.197459    8.228815    7.721927   9400.57   9459.29    1.000
      TL          9.137496    0.098048    8.518054    9.740172    9.133222   6141.54   6633.70    1.000
      TL          4.976714    0.055478    4.517257    5.438926    4.970622  11699.84  11968.99    1.000
      TL          7.354941    0.071766    6.839469    7.888942    7.349221   7535.95   7631.82    1.000
      TL          5.391254    0.087497    4.837747    5.993994    5.377297   4613.74   4804.66    1.000
      TL          6.574724    0.072670    6.063350    7.120076    6.569135   7421.37   7572.12    1.000
      TL          9.364752    0.103994    8.743309   10.006740    9.356714   3008.38   3250.70    1.000
      TL          7.435314    0.073952    6.896135    7.960551    7.431223   7514.41   7795.93    1.000
      TL          3.103246    0.067492    2.616397    3.624713    3.088011   4550.21   5124.70    1.001
      TL          5.782967    0.076339    5.239963    6.322777    5.775733   7944.54   7962.37    1.000
      TL          3.724669    0.067106    3.248337    4.253607    3.707643   4112.18   4256.99    1.000
      TL          9.507632    0.106107    8.886860   10.162660    9.500633   4869.97   4907.53    1.000
      TL          9.277122    0.092708    8.681097    9.873282    9.269898   7400.85   7413.48    1.000
      TL          7.972103    0.079561    7.425690    8.522886    7.970215   7695.65   7725.50    1.000
      TL          5.144406    0.085244    4.588943    5.729409    5.131614   5568.93   5895.51    1.000
      TL          3.119341    0.168896    2.382517    3.936121    3.068237   7233.78   7707.71    1.000
      TL          3.898746    0.063394    3.412134    4.394130    3.885719   4943.55   5245.56    1.000
      TL          8.314737    0.075341    7.776441    8.845553    8.309564   8032.94   8572.47    1.000
      TL          4.978084    0.058328    4.512322    5.457840    4.970943   7369.09   7929.22    1.000
      TL          6.884352    0.086917    6.315737    7.470219    6.876049   5249.81   5553.99    1.000
      TL          5.444816    0.061615    4.951302    5.919378    5.437411   7901.92   8112.51    1.000
      TL          7.307023    0.065545    6.800354    7.806493    7.303010  10482.02  10722.00    1.000
      TL          6.763166    0.096101    6.177532    7.395593    6.754385   2596.00   2737.89    1.000
      TL          7.783245    0.081269    7.234024    8.346143    7.778126  10447.73  10448.31    1.000
      TL          7.353508    0.088998    6.776733    7.939753    7.345026   4949.90   5141.02    1.000
      TL          6.710179    0.095685    6.135099    7.339042    6.697175   4165.13   4952.58    1.000
      TL          6.447304    0.060633    5.957678    6.922104    6.442370   6545.81   6710.58    1.000
      TL          7.556777    0.089091    6.985807    8.149718    7.547200   3601.16   3746.94    1.000
      TL          7.918506    0.090217    7.335677    8.513740    7.908812   5326.32   5437.03    1.000
      TL          6.567724    0.064932    6.073901    7.076305    6.563142   6899.78   7312.68    1.000
      TL          4.049174    0.056309    3.584228    4.511129    4.039300   8963.14   9218.84    1.000
      TL          7.764882    0.067083    7.273465    8.281522    7.761199   8280.82   8971.08    1.000
      TL          4.003625    0.047591    3.588228    4.436348    3.997995   7802.92   7836.25    1.000
      TL          5.014721    0.052504    4.575043    5.469818    5.009918   8010.55   8266.76    1.000
      TL          3.417573    0.035957    3.047115    3.790454    3.412223   7160.90   7572.42    1.000
      TL          5.597587    0.099353    5.005835    6.239064    5.581700   3812.83   4002.05    1.000
      TL          5.091178    0.050869    4.660915    5.545347    5.088109  10178.69  10196.89    1.000
      TL          8.934692    0.107249    8.304565    9.590838    8.927156   2371.07   2678.89    1.000
      TL          5.412345    0.054059    4.951429    5.857813    5.408660  10212.56  10332.50    1.000
      TL          8.373028    0.089381    7.811879    8.982615    8.366246   3706.44   4042.97    1.000
      TL          9.228006    0.090916    8.653818    9.834660    9.225341   7040.28   7338.08    1.000
      TL          7.827687    0.075272    7.290744    8.358514    7.824190   7451.66   8005.29    1.000
      TL          6.084686    0.070285    5.583524    6.617917    6.076682   7050.34   7143.86    1.000
      TL          6.224774    0.051617    5.775173    6.668549    6.222564  10250.69  10776.82    1.000
      TL          5.088742    0.062497    4.602456    5.574234    5.082238   7669.94   7706.75    1.000
      TL          6.901170    0.067744    6.373841    7.395283    6.896409   7942.63   8133.20    1.000
      TL          6.814022    0.062120    6.327676    7.303205    6.809555   7972.39   8448.26    1.000
      TL          5.199905    0.077060    4.659471    5.736376    5.186844   4023.84   4723.16    1.000
      TL          4.998419    0.080326    4.457357    5.559183    4.985124   5220.83   5421.88    1.000
      TL          3.940870    0.051103    3.502171    4.385533    3.933488   7378.23   8537.14    1.000
      TL          6.723390    0.078272    6.190364    7.281702    6.712370   5643.08   5697.08    1.000
      TL          6.568094    0.068655    6.055784    7.079684    6.563569   6856.56   7295.16    1.000
      TL          6.316273    0.062322    5.842035    6.812023    6.311416   8566.54   8942.85    1.000
      TL          9.373922    0.095055    8.769829    9.975105    9.368309   6685.78   6875.10    1.000
      TL          5.119180    0.060703    4.637912    5.603062    5.110992   6110.22   7300.18    1.000
      TL          5.209823    0.074815    4.691800    5.757367    5.199471   6865.79   6949.75    1.000
      TL          6.895862    0.078857    6.349335    7.449895    6.889347   4878.33   4974.13    1.000
      TL          3.551155    0.071468    3.033010    4.079281    3.536515   4878.03   4897.05    1.000
      TL          7.216429    0.067865    6.714381    7.731361    7.212007   8792.98   9069.39    1.000
      TL          5.281961    0.069251    4.765279    5.795707    5.273003   4384.73   4728.97    1.001
      TL          8.658472    0.084543    8.096491    9.233991    8.652642   6757.00   7759.69    1.000
      TL          9.080110    0.094291    8.502486    9.710725    9.073819   6940.20   7519.06    1.000
      TL          8.739821    0.100745    8.128323    9.371688    8.732463   5965.74   6073.47    1.000
      TL          4.348819    0.077003    3.819414    4.900269    4.334145    983.71   1076.47    1.000
      TL          5.420396    0.083106    4.860872    5.991076    5.408340   5381.51   5655.41    1.000
      TL          6.545653    0.083447    5.961993    7.091747    6.538122   7418.03   8058.19    1.000
      TL          6.261333    0.071072    5.753577    6.791311    6.254314   9065.60   9170.16    1.000
      TL          6.965072    0.062878    6.471959    7.453116    6.960184   8434.80   8929.01    1.000
      TL          6.840733    0.074211    6.321246    7.389085    6.834073   9207.28   9211.32    1.000
      TL          8.729959    0.087085    8.146614    9.304517    8.727647   8720.30   8973.34    1.000
      TL          5.196954    0.061052    4.722248    5.691987    5.190087   7690.08   7865.24    1.000
      TL          4.900225    0.051676    4.452635    5.343572    4.892599   7868.03   8139.32    1.000
      TL          2.734702    0.109344    2.143208    3.400872    2.696826   9653.92   9723.91    1.000
      TL          8.098863    0.083551    7.529551    8.662100    8.093492   6071.81   6330.22    1.000
      TL          3.906008    0.048799    3.488778    4.353299    3.898815  11877.67  12025.08    1.000
      TL          7.702189    0.074356    7.173505    8.238223    7.696745   8089.62   8308.48    1.000
      TL          4.915248    0.056180    4.444997    5.374761    4.910128  10977.72  11177.32    1.000
      TL          7.792105    0.092480    7.189966    8.380232    7.786968   3950.49   4058.51    1.000
      TL         10.195832    0.133625    9.476991   10.911580   10.182410   2232.36   2767.86    1.000
      TL          6.990483    0.067452    6.472544    7.491574    6.986520   6243.60   7031.87    1.000
      TL          7.136861    0.085376    6.572543    7.713988    7.128433   1011.63   2892.30    1.000
      TL          5.405255    0.073859    4.880466    5.946104    5.396947   8737.19   8953.38    1.000
      TL          7.504308    0.080015    6.956594    8.062933    7.495853   5451.30   6203.37    1.000
      TL          5.961900    0.072835    5.447276    6.498475    5.953416   4621.44   4740.90    1.000
      TL          5.575408    0.079398    5.033586    6.133319    5.566920   7578.48   7865.98    1.000
      TL          5.460528    0.064457    4.981087    5.974014    5.454525   7344.83   7841.73    1.000
      TL          6.109857    0.071611    5.592595    6.638629    6.102302   9245.69   9452.99    1.000
      TL          8.305557    0.090078    7.726862    8.898341    8.299456   4272.54   4867.18    1.000
      TL          7.764500    0.077533    7.234394    8.327270    7.758999  10354.41  10707.61    1.000
      TL          9.997142    0.133227    9.308280   10.733010    9.984984   2446.32   2601.58    1.000
      TL          4.620740    0.078286    4.087773    5.181548    4.606756   7273.43   7679.45    1.000
      TL          8.747865    0.090497    8.164124    9.346046    8.742459   7875.54   8616.24    1.000
      TL          9.392312    0.093722    8.799479    9.990000    9.386242   5103.59   5296.52    1.000
      TL          4.594145    0.045738    4.183787    5.019960    4.589013   7486.66   7880.38    1.000
      TL          5.244984    0.050457    4.826989    5.705316    5.238500  10271.04  10580.26    1.000
      TL          8.261619    0.107257    7.639811    8.920191    8.252249   3435.87   3769.35    1.001
      TL          6.368590    0.079133    5.815259    6.924299    6.359190   2838.91   3171.78    1.000
