      ilnvar                   0.012159    0.000386    0.000001    0.051594    0.004724     15.90     25.80    1.159
      ilnvar                   0.029335    0.001097    0.000025    0.093912    0.018564     35.97     37.85    1.038
      ilnvar                   0.004906    0.000073    0.000011    0.022669    0.001462     18.94     20.03    1.003
      ilnvar                   0.005403    0.000092    0.000001    0.025887    0.001664     23.45     26.56    1.223
      ilnvar                   0.032023    0.001213    0.000395    0.101107    0.020341     13.29     17.46    1.001
      ilnvar                   0.047699    0.002273    0.000319    0.139343    0.034542     71.99    104.68    1.010
      ilnvar                   0.008122    0.000264    0.000009    0.039309    0.001288     10.86     14.31    1.018
      ilnvar                   0.072396    0.010290    0.000128    0.269767    0.036052     49.11     63.38    1.057
      ilnvar                   0.012413    0.000269    0.000003    0.044595    0.006342     25.77     32.38    1.008
      ilnvar                   0.013150    0.000371    0.000002    0.053280    0.004098     22.67     26.29    1.337
      ilnvar                   0.053571    0.003425    0.000056    0.169042    0.035268     14.75     18.03    1.010
      ilnvar                   0.390722    0.138816    0.000202    1.061775    0.296965     99.65    152.75    1.001
      ilnvar                   0.150238    0.025993    0.000071    0.450405    0.108333     26.90     50.35    1.027
      ilnvar                   0.137314    0.037331    0.000018    0.486744    0.075760     29.06     83.55    1.025
      ilnvar                   0.024816    0.000889    0.000168    0.085830    0.013701     23.17     24.31    1.001
      ilnvar                   0.041845    0.002603    0.000001    0.141940    0.021802      9.31     15.17    1.118
      ilnvar                   0.007173    0.000160    0.000001    0.034141    0.002066     22.77     26.86    1.146
      ilnvar                   0.034755    0.002396    0.000177    0.124193    0.018048     76.95    105.93    1.007
      ilnvar                   0.359788    0.203710    0.000237    1.216991    0.211091    410.31    414.36    1.001
      ilnvar                   0.014897    0.001601    0.000003    0.070819    0.001590     26.59     40.59    1.027
      ilnvar                   0.016045    0.000682    0.000009    0.074259    0.004349     16.06     25.59    1.110
      ilnvar                   0.025796    0.001287    0.000038    0.093190    0.013125     26.05     31.30    1.026
      ilnvar                   0.030046    0.001626    0.000216    0.109720    0.015369     46.02     59.17    1.000
      ilnvar                   0.026139    0.001228    0.000040    0.097263    0.012330     26.26     45.53    1.015
      ilnvar                   0.003597    0.000105    0.000001    0.021485    0.000057     11.30     12.60    1.002
      ilnvar                   0.033642    0.001497    0.000134    0.109594    0.021409     40.85     41.87    1.000
      ilnvar                   0.034213    0.002064    0.000087    0.119746    0.018133     22.60     28.02    1.007
      ilnvar                   0.012993    0.000317    0.000024    0.049021    0.005820     15.72     26.24    1.009
      ilnvar                   0.038837    0.003022    0.000024    0.139838    0.018576     22.46     26.07    1.005
      ilnvar                   0.005320    0.000088    0.000008    0.025746    0.001591     15.98     17.21    1.063
      ilnvar                   0.088078    0.003334    0.002908    0.198213    0.078001     40.83     47.17    1.001
      ilnvar                   0.022561    0.001021    0.000076    0.087836    0.010930     16.51     16.88    1.093
      ilnvar                   0.008291    0.000333    0.000001    0.043693    0.000424     20.70     28.90    1.167
      ilnvar                   0.029370    0.001744    0.000046    0.112431    0.013301     77.86    108.62    1.004
      ilnvar                   0.003109    0.000048    0.000001    0.018946    0.000040     11.54     26.65    1.171
      ilnvar                   0.092866    0.007269    0.000127    0.248819    0.072833     41.34    118.00    1.001
      ilnvar                   0.010865    0.000263    0.000003    0.045116    0.004922     27.97     37.24    1.052
      ilnvar                   0.121175    0.013119    0.000199    0.334288    0.091557     38.67     65.66    1.001
      ilnvar                   0.028551    0.001485    0.000020    0.105436    0.014034     47.78     52.72    1.002
      ilnvar                   0.052052    0.003696    0.000082    0.167005    0.034444     37.42     52.29    1.000
      ilnvar                   0.006820    0.000148    0.000003    0.023866    0.002988     26.54     26.85    1.000
      ilnvar                   0.019005    0.000626    0.000097    0.067800    0.009868     61.94     64.36    1.015
      ilnvar                   0.027719    0.000717    0.000190    0.080306    0.020555     12.17     39.83    1.034
      ilnvar                   0.014250    0.000410    0.000049    0.054629    0.005289     12.51     19.17    1.004
      ilnvar                   0.020176    0.000639    0.000154    0.070022    0.011687     23.20     37.31    1.061
      ilnvar                   0.040803    0.002222    0.000381    0.135535    0.023515     69.47     74.62    1.004
      ilnvar                   0.017669    0.000439    0.000028    0.056756    0.010723     20.80     33.14    1.092
      ilnvar                   0.023525    0.001268    0.000012    0.089890    0.009462     23.63     47.35    1.000
      ilnvar                   0.004108    0.000047    0.000004    0.016487    0.001485     32.83     34.61    1.012
      ilnvar                   0.004010    0.000192    0.000001    0.025594    0.000011     17.12     17.59    1.065
      ilnvar                   0.076388    0.006155    0.000027    0.224970    0.056162     23.34     75.61    1.028
      ilnvar                   0.116655    0.013215    0.000530    0.336312    0.082927     86.95     91.23    1.000
      ilnvar                   0.101859    0.014526    0.000406    0.331709    0.063374     53.57     64.14    1.000
      ilnvar                   0.114708    0.012627    0.000077    0.340082    0.080579     12.68     30.14    1.000
      ilnvar                   0.029964    0.001282    0.000035    0.101470    0.017714     27.15     45.56    1.002
      ilnvar                   0.011803    0.000343    0.000004    0.050213    0.004997     26.74     36.89    1.061
      ilnvar                   0.010700    0.000270    0.000014    0.046476    0.002856     12.75     14.70    1.000
      ilnvar                   0.033866    0.002038    0.000072    0.119714    0.018124     60.51     61.24    1.001
      ilnvar                   0.032903    0.004208    0.000001    0.140178    0.011233     27.45     44.25    1.003
      ilnvar                   0.012981    0.000444    0.000008    0.054554    0.003430     16.76     18.31    1.002
      ilnvar                   0.093714    0.022326    0.000001    0.364584    0.040158     19.80     70.48    1.053
      ilnvar                   0.061076    0.003086    0.000056    0.166064    0.051544     13.03     43.51    1.161
      ilnvar                   0.003135    0.000141    0.000001    0.018170    0.000096     15.35     37.91    1.022
      ilnvar                   0.022554    0.001131    0.000001    0.094150    0.005437     10.59     21.12    1.014
      ilnvar                   0.014219    0.000555    0.000010    0.064235    0.004042     17.52     21.59    1.001
      ilnvar                   0.016093    0.001328    0.000091    0.058781    0.006185     30.62     32.39    1.010
      ilnvar                   0.036400    0.002828    0.000014    0.136918    0.017272     25.73     32.77    1.031
      ilnvar                   0.074080    0.020414    0.000066    0.297717    0.029335     31.52     36.91    1.000
      ilnvar                   0.020376    0.000775    0.000068    0.068734    0.011626     34.25     49.90    1.000
      ilnvar                   0.040325    0.002082    0.000053    0.130726    0.026336     31.24     51.63    1.000
      ilnvar                   0.028818    0.001054    0.000001    0.094209    0.017808     10.87     32.80    1.084
      ilnvar                   0.032164    0.002047    0.000004    0.120847    0.015893     22.82     58.93    1.003
      ilnvar                   0.036757    0.001429    0.000267    0.108637    0.026001     15.90     34.73    1.031
      ilnvar                   0.037835    0.003954    0.000015    0.143196    0.016799     54.19     60.68    1.000
      ilnvar                   0.016234    0.000488    0.000030    0.061042    0.007984     42.27     49.54    1.016
      ilnvar                   0.159313    0.062554    0.000001    0.593468    0.074225    193.62    265.44    1.000
      ilnvar                   0.015467    0.000638    0.000009    0.069305    0.003552     14.95     16.55    1.052
      ilnvar                   0.013745    0.000869    0.000002    0.068653    0.001934     30.01     51.22    1.002
      ilnvar                   0.020219    0.000572    0.000011    0.069234    0.012149     11.67     21.28    1.002
      ilnvar                   0.054826    0.002820    0.000145    0.154510    0.040301     92.13    127.72    1.010
      ilnvar                   0.049771    0.002908    0.000800    0.151968    0.033964     48.12     50.36    1.005
      ilnvar                   0.001091    0.000017    0.000001    0.005943    0.000015      9.86     10.54    1.053
      ilnvar                   0.087524    0.003501    0.004414    0.195719    0.077386     59.31     66.28    1.024
      ilnvar                   0.003897    0.000070    0.000004    0.017647    0.000825     10.73     26.47    1.000
      ilnvar                   0.022490    0.001654    0.000036    0.079783    0.010231     76.55    104.00    1.015
      ilnvar                   0.005683    0.000156    0.000002    0.029878    0.000281     10.91     13.73    1.036
      ilnvar                   0.128237    0.009490    0.009222    0.319244    0.102416     74.76     91.94    1.000
      ilnvar                   0.032237    0.002414    0.000166    0.119721    0.014911     55.73     72.26    1.000
      ilnvar                   0.024602    0.001181    0.000043    0.085154    0.013159     42.96     80.80    1.026
      ilnvar                   0.028705    0.001221    0.000014    0.098195    0.017079     21.66     25.18    1.040
      ilnvar                   0.012873    0.000427    0.000038    0.046164    0.006351     25.53     37.45    1.000
      ilnvar                   0.027020    0.001960    0.000003    0.120300    0.001654     10.80     12.12    1.170
      ilnvar                   0.057743    0.002242    0.002623    0.150875    0.045504     17.40     27.42    1.009
      ilnvar                   0.060797    0.009989    0.000158    0.229353    0.025431     57.23     79.21    1.003
      ilnvar                   0.025862    0.000910    0.000416    0.086227    0.014849     31.01     37.13    1.007
      ilnvar                   0.061244    0.003083    0.000068    0.161572    0.053093     10.58     12.43    1.000
      ilnvar                   0.004061    0.000065    0.000003    0.020226    0.000659     16.37     32.32    1.000
      ilnvar                   0.044968    0.002358    0.000308    0.143289    0.029491     44.11     61.30    1.010
      ilnvar                   0.005242    0.000102    0.000003    0.024382    0.001157     16.74     23.01    1.090
      ilnvar                   0.077563    0.005303    0.000277    0.214416    0.059801     22.34     47.15    1.017
