reso  sja  d_qt  d_ci  d_rf
0.9069767 0.9856483 0.04441585 0.1563625 0.1981447
0.6388889 1 0.06664357 0.2103543 0.2073972
0.7954545 0.9841502 0.05507527 0.1926468 0.2595979
0.8863636 0.9590212 0.04293724 0.1203073 0.1896458
0.8181818 0.9780173 0.03502088 0.1337723 0.1646339
0.95 0.9832383 0.03116883 0.07808071 0.09902639
0.9230769 0.9561793 0.05961762 0.1065478 0.153832
0.9090909 0.9829845 0.02205534 0.1129981 0.1206559
0.7931034 0.9475964 0.08623471 0.2016414 0.2762596
0.8666667 0.9899965 0.04234762 0.11112 0.1384877
0.8684211 0.9937089 0.03194431 0.1011583 0.1539329
0.9375 0.9690776 0.03818369 0.1715652 0.1998247
0.9565217 0.9693905 0.0373913 0.1317093 0.1673261
0.9375 0.926943 0.0748194 0.1255083 0.1811323
0.9069767 0.9765398 0.0327144 0.1278867 0.1666561
0.8478261 0.9966023 0.01573562 0.09089227 0.1032881
0.7906977 0.98438 0.06007905 0.1567047 0.2181413
0.8947368 0.9911663 0.01353383 0.06791277 0.07261492
0.8571429 0.9623656 0.09047619 0.16444 0.2169767
0.9375 1 0.002063983 0.02195128 0.01590143
0.6304348 0.9840647 0.08135655 0.2860636 0.3720091
0.875 0.9819341 0.03487179 0.1103929 0.1288495
0.9032258 0.9859799 0.01865189 0.05621152 0.08225733
0.7692308 0.9627582 0.09820639 0.2164536 0.2854439
0.775 0.9977611 0.0244105 0.169864 0.179855
0.8148148 0.9939751 0.06918446 0.1242457 0.1525446
0.8823529 0.9600315 0.04933 0.1722443 0.2400751
0.8857143 0.9943322 0.02619386 0.1029335 0.1171792
0.8888889 0.966073 0.06739646 0.1912377 0.2834149
0.9230769 0.9841904 0.02472081 0.1037585 0.2205634
0.8536585 0.9807035 0.03370509 0.1177243 0.1659372
0.7567568 0.9893545 0.06541744 0.1902438 0.2313909
0.8918919 0.9768305 0.0289036 0.1358039 0.2390539
0.8235294 1 0.02982456 0.06585331 0.05081605
0.8478261 0.9956763 0.01627839 0.1057108 0.1444057
0.85 0.9824869 0.03331451 0.1009837 0.1233226
0.8148148 0.9944598 0.03103448 0.1362328 0.1564954
0.8181818 0.9531674 0.06399209 0.1904262 0.2095913
0.9473684 0.9756031 0.02563226 0.127735 0.1577034
0.8 0.9719946 0.08925519 0.1945528 0.2782347
0.6808511 0.9606454 0.0598046 0.2911858 0.3961663
0.8275862 0.9936726 0.03135428 0.1461415 0.15729
0.8297872 0.9381032 0.07049718 0.170003 0.2224496
0.8510638 0.9660202 0.04866261 0.1789895 0.2478675
0.8108108 0.9982994 0.06396761 0.1485107 0.1823381
0.8148148 0.9928636 0.02118227 0.1241176 0.1340391
0.8 0.9926075 0.03887853 0.1563606 0.1612219
0.9166667 0.8656054 0.1388319 0.1738188 0.2758551
0.8181818 0.9941818 0.01406502 0.1283194 0.15749
0.9333333 0.9908914 0.01529705 0.0798952 0.1542716
0.9130435 0.9794483 0.030301 0.1093029 0.1793208
1 0.9448622 0.05513784 0.1153028 0.1510228
0.9473684 0.9729152 0.04647984 0.1567521 0.2085268
0.8666667 0.9881741 0.02283724 0.1434162 0.1624348
0.8125 0.9951026 0.1099885 0.1723517 0.2005639
0.9142857 1 0.01379123 0.04992332 0.05172541
0.9047619 0.9713911 0.03862546 0.1502154 0.228135
0.9090909 0.9860519 0.0316996 0.1005863 0.1350225
0.9 0.9768599 0.03455675 0.0885404 0.09808814
0.9189189 0.9824725 0.0201882 0.1019343 0.1470384
0.9444444 0.9674962 0.03859649 0.1079859 0.147937
0.9 0.9477657 0.0548902 0.1290084 0.1913784
0.8 0.9315659 0.09929182 0.1957639 0.3430746
0.9555556 0.9949111 0.006190256 0.08841187 0.09536325
0.7906977 0.9889551 0.02253884 0.1343606 0.2064193
0.9 0.9964384 0.01207358 0.06177934 0.06134913
0.9411765 0.9534594 0.0495356 0.08785609 0.1014829
0.8636364 0.9305679 0.07743083 0.1706487 0.2229825
0.9230769 0.9883815 0.01507305 0.08347506 0.1269638
0.7692308 1 0.04473496 0.1451864 0.1517345
0.9 0.963053 0.04604975 0.1354289 0.1851188
0.7407407 0.956407 0.114906 0.196921 0.2591612
0.95 0.9955595 0.01167653 0.0537337 0.08090664
0.8695652 0.9832715 0.03816054 0.1295536 0.163198
0.8846154 0.9778448 0.07319692 0.1206213 0.2059512
0.5 1 0.1071429 0.2966566 0.2604679
0.8461538 0.9691667 0.04635486 0.1563948 0.2126022
0.9333333 0.9901055 0.01437908 0.08156686 0.09387797
0.8780488 0.9289514 0.1240138 0.150547 0.2582562
0.7368421 0.957672 0.0861244 0.1766461 0.2385879
0.8947368 0.950036 0.0551101 0.1203159 0.1770035
0.8863636 0.9444958 0.0657416 0.1549555 0.2554391
0.9487179 0.9709359 0.03864022 0.07279183 0.1721542
0.8857143 0.9785794 0.03811556 0.1237956 0.192011
0.9473684 0.9792126 0.0241285 0.09960512 0.1463294
0.9210526 0.9895213 0.01286659 0.05945533 0.07558637
0.7666667 0.9812447 0.04475806 0.2008651 0.2821084
0.75 0.9910247 0.05516657 0.18013 0.1908403
0.8461538 0.9958545 0.03667214 0.07950781 0.1109287
0.875 1 0.02017094 0.07478758 0.07844131
0.7906977 0.9989209 0.02967797 0.1694275 0.178635
0.8571429 0.9925967 0.03487096 0.1470446 0.1670209
0.8913043 0.9452796 0.06938964 0.1312123 0.181342
0.875 0.9113456 0.09778122 0.1270729 0.1413221
0.925 0.9708586 0.04005348 0.1377126 0.1778786
0.8478261 0.997032 0.09847977 0.1306418 0.1712517
0.9333333 0.9629538 0.04252199 0.131945 0.1955053
0.8214286 0.9866423 0.07622755 0.1623747 0.1794976
0.9210526 0.9492248 0.05654192 0.1553971 0.2407341
0.7741935 0.9402693 0.1066284 0.2232639 0.3744409
