      clockrate                1.126285    0.005927    0.976895    1.277069    1.122329     60.05     88.65    1.079
      clockrate                1.069177    0.006580    0.916118    1.229957    1.062938    147.14    165.66    1.009
      clockrate                1.064393    0.003431    0.953476    1.181045    1.061932    332.14    342.38    1.000
      clockrate                0.980240    0.002802    0.879410    1.086645    0.978365    120.43    315.59    1.016
      clockrate                1.048020    0.006673    0.901078    1.216218    1.039485     24.13     53.45    1.003
      clockrate                1.079317    0.010806    0.884515    1.288577    1.071131    246.27    354.07    1.006
      clockrate                1.015652    0.003158    0.907570    1.127054    1.012404     54.47     59.66    1.005
      clockrate                1.181935    0.026123    0.916806    1.520790    1.154904     97.00    100.37    1.029
      clockrate                1.107129    0.007070    0.942094    1.269394    1.103253    624.92    627.22    1.005
      clockrate                1.055723    0.004201    0.935227    1.187582    1.051133    138.40    615.01    1.064
      clockrate                1.016563    0.007205    0.858034    1.182762    1.007501     23.43     30.97    1.008
      clockrate                1.303964    0.076695    0.822834    1.861828    1.267348    159.67    196.94    1.001
      clockrate                1.185397    0.030251    0.869675    1.528713    1.168334     27.36     48.36    1.028
      clockrate                1.122798    0.058647    0.736434    1.598953    1.078234     22.98     72.85    1.018
      clockrate                1.078018    0.006434    0.925161    1.243198    1.072207     65.37     98.83    1.001
      clockrate                1.113613    0.007262    0.965186    1.282123    1.102318     27.00     55.08    1.074
      clockrate                1.124602    0.003916    1.003856    1.248005    1.121779    297.82    507.91    1.032
      clockrate                1.093195    0.016172    0.866296    1.347943    1.081180    196.27    230.96    1.000
      clockrate                1.265494    0.118581    0.725883    1.943303    1.201651    384.14    404.76    1.000
      clockrate                0.934796    0.006973    0.780541    1.087883    0.929012     90.27    113.68    1.014
      clockrate                1.117733    0.005322    0.980870    1.264029    1.112786     66.49    194.56    1.027
      clockrate                1.118282    0.006873    0.963409    1.286157    1.113902    698.72    723.13    1.000
      clockrate                1.228981    0.017437    0.977594    1.488361    1.218242    152.77    162.03    1.004
      clockrate                1.084714    0.008781    0.909466    1.271861    1.077953    143.10    151.96    1.002
      clockrate                1.116944    0.004009    0.996666    1.244592    1.115257     81.76     82.11    1.000
      clockrate                1.199149    0.011409    0.999027    1.411863    1.191746     85.40    140.46    1.002
      clockrate                1.153184    0.013660    0.932983    1.388224    1.141029     75.85     83.67    1.001
      clockrate                1.136390    0.007548    0.970775    1.310304    1.129801     45.41    120.04    1.002
      clockrate                1.219360    0.016933    0.982160    1.482230    1.206380     79.08     90.02    1.002
      clockrate                1.045647    0.003932    0.930102    1.176592    1.043210    185.65    304.51    1.008
      clockrate                1.099452    0.011149    0.896203    1.306043    1.092725    109.11    112.34    1.000
      clockrate                1.109151    0.006485    0.964307    1.278648    1.103698     74.29     87.21    1.046
      clockrate                1.016651    0.003500    0.904801    1.136180    1.014007     63.98    209.46    1.042
      clockrate                1.144487    0.012170    0.941058    1.372362    1.136412    592.54    695.68    1.000
      clockrate                1.053229    0.002760    0.952491    1.158326    1.050642     47.75    632.94    1.034
      clockrate                1.198382    0.019831    0.923953    1.472747    1.190033     34.68    146.94    1.005
      clockrate                1.098412    0.006807    0.938156    1.260280    1.093993    356.00    438.98    1.011
      clockrate                1.103427    0.019123    0.860733    1.388564    1.085759    234.72    259.90    1.001
      clockrate                1.068190    0.011835    0.863522    1.280518    1.059355    121.21    240.39    1.000
      clockrate                1.095819    0.013262    0.893205    1.323302    1.078742    102.76    109.15    1.000
      clockrate                1.019887    0.003566    0.899898    1.134562    1.017812    125.54    154.35    1.001
      clockrate                1.106400    0.008745    0.928136    1.287828    1.099451    162.67    217.75    1.009
      clockrate                1.037590    0.005244    0.897165    1.179275    1.033905     41.43    136.89    1.018
      clockrate                1.107572    0.005130    0.968148    1.247439    1.104585     64.54    125.57    1.002
      clockrate                1.150340    0.005559    1.008972    1.300381    1.147008    320.69    322.16    1.009
      clockrate                1.059093    0.009606    0.873767    1.256722    1.052192    307.40    311.03    1.004
      clockrate                1.102346    0.007052    0.944519    1.270474    1.097690    341.35    351.45    1.016
      clockrate                1.166131    0.015191    0.926853    1.402853    1.159808    111.20    237.47    1.002
      clockrate                1.079663    0.004521    0.951397    1.213627    1.077962    423.49    539.89    1.007
      clockrate                0.990262    0.004006    0.869291    1.114392    0.987421     41.66    451.74    1.022
      clockrate                1.284853    0.024529    0.999881    1.595026    1.270170     26.81    105.74    1.015
      clockrate                1.168584    0.041584    0.835635    1.595761    1.130279     72.46     89.53    1.000
      clockrate                1.086849    0.024526    0.815863    1.406112    1.062966    120.70    145.51    1.000
      clockrate                1.158839    0.015819    0.940989    1.418750    1.140496     22.26     62.44    1.001
      clockrate                1.156909    0.009131    0.981493    1.352616    1.148604     74.87    133.72    1.003
      clockrate                1.179909    0.006245    1.029581    1.337301    1.175896    123.02    197.21    1.013
      clockrate                1.140515    0.004365    1.011448    1.269481    1.136436     62.20     67.17    1.000
      clockrate                1.147228    0.011493    0.956435    1.373288    1.137799    213.69    233.46    1.000
      clockrate                1.302274    0.031590    1.023011    1.619872    1.275398     31.38     66.83    1.000
      clockrate                1.135437    0.007333    0.976003    1.306915    1.129561     77.84    100.42    1.000
      clockrate                1.260106    0.035132    0.932633    1.642659    1.232939     27.72    170.21    1.044
      clockrate                1.113225    0.009819    0.927144    1.305483    1.106289     16.19     60.58    1.108
      clockrate                1.068575    0.005667    0.923931    1.214550    1.065342    185.23    212.22    1.005
      clockrate                1.149409    0.006798    0.998975    1.318264    1.141393     13.84     37.00    1.074
      clockrate                1.238264    0.008830    1.057842    1.423583    1.231203     38.40     42.74    1.000
      clockrate                1.087053    0.007705    0.927126    1.258173    1.078910     77.10     87.92    1.001
      clockrate                1.010282    0.017188    0.776510    1.254560    0.995152     54.76    104.12    1.010
      clockrate                1.333482    0.048676    1.012185    1.753853    1.291821     60.22     62.33    1.001
      clockrate                1.128881    0.009987    0.944829    1.329728    1.121073    266.05    330.56    1.001
      clockrate                1.278829    0.019753    1.018561    1.558445    1.265007     95.17    109.10    1.000
      clockrate                0.983102    0.004772    0.855898    1.123874    0.977244     42.10    132.45    1.036
      clockrate                1.159833    0.013735    0.953570    1.394689    1.146067     32.17    114.77    1.005
      clockrate                1.104404    0.007889    0.942985    1.283464    1.097318     46.53    132.82    1.009
      clockrate                1.170258    0.017603    0.932423    1.441368    1.152339     38.61     61.48    1.001
      clockrate                0.985956    0.006046    0.834978    1.137983    0.982242    186.43    219.40    1.008
      clockrate                1.322160    0.066366    0.871962    1.829259    1.287738    113.70    210.16    1.002
      clockrate                0.979108    0.004958    0.843176    1.119150    0.975585     88.29     91.19    1.000
      clockrate                1.024373    0.009932    0.840689    1.225792    1.016369     41.06     83.31    1.001
      clockrate                1.009368    0.003936    0.889822    1.132776    1.005073     72.00    173.50    1.001
      clockrate                1.016754    0.017602    0.773976    1.277456    1.003241    214.88    256.86    1.003
      clockrate                1.257435    0.010051    1.068076    1.451514    1.248268     79.75    147.46    1.004
      clockrate                1.075430    0.003050    0.965973    1.183135    1.073975     39.07    250.01    1.028
      clockrate                1.134538    0.011254    0.932721    1.341400    1.129349    105.27    167.33    1.008
      clockrate                1.152415    0.006673    0.995339    1.314062    1.148951    163.35    212.57    1.001
      clockrate                1.037319    0.009456    0.869337    1.223798    1.028282    123.29    250.95    1.003
      clockrate                1.069053    0.004078    0.944708    1.194089    1.066876     84.68    363.99    1.002
      clockrate                1.246149    0.027561    0.944892    1.586208    1.228028     82.36     94.67    1.003
      clockrate                1.203043    0.015174    0.983035    1.449016    1.190783    102.23    109.60    1.000
      clockrate                0.999709    0.008171    0.833459    1.181823    0.992557    296.10    311.90    1.003
      clockrate                1.141879    0.011345    0.948752    1.361618    1.131696     43.49     48.45    1.020
      clockrate                1.054222    0.004837    0.923620    1.190033    1.050197    115.99    236.08    1.000
      clockrate                1.115047    0.012332    0.937577    1.358029    1.092620     16.86     18.29    1.109
      clockrate                1.268579    0.009496    1.081989    1.459874    1.260933     46.27     94.20    1.000
      clockrate                1.352375    0.044231    1.008576    1.764589    1.320408     74.38    105.65    1.004
      clockrate                1.126343    0.008112    0.960381    1.307474    1.119174     82.92    117.92    1.001
      clockrate                1.185774    0.009566    1.002922    1.378818    1.176930     26.42     35.85    1.003
      clockrate                1.091171    0.005299    0.953411    1.235899    1.089102    119.08    223.24    1.001
      clockrate                1.293294    0.019478    1.033265    1.568362    1.274720     93.08    127.73    1.010
      clockrate                1.092894    0.004578    0.958934    1.223199    1.090704    144.98    222.75    1.006
      clockrate                1.141393    0.022198    0.884073    1.442056    1.118139     45.25     67.88    1.004
