      age[0]                   0.953036    0.004986    0.857830    1.102383    0.933579    1.068    2
      age[0]                   1.012636    0.000680    0.965124    1.063761    1.009439    1.000    2
      age[0]                   0.985671    0.000380    0.949376    1.025450    0.984266    1.000    2
      age[0]                   1.022978    0.000781    0.969928    1.078708    1.021152    1.009    2
      age[0]                   1.077426    0.001843    0.992034    1.163374    1.078958    1.007    2
      age[0]                  0.967120    0.000979    0.907792    1.028680    0.964704    1.002    2
      age[0]                  0.986797    0.000303    0.953266    1.021503    0.985912    1.003    2
      age[0]                  0.837478    0.004459    0.732312    0.964519    0.826834    1.046    2
      age[0]                  0.987786    0.000658    0.941062    1.039198    0.984725    1.006    2
      age[0]                   0.958000    0.000600    0.913072    1.006043    0.956205    1.024    2
      age[0]                  0.998002    0.004414    0.888086    1.120990    0.996181    1.034    2
      age[0]                  0.863704    0.002061    0.831187    0.953039    0.848139    1.004    2
      age[0]                  0.982442    0.007770    0.857099    1.144132    0.970073    1.022    2
      age[0]                  0.959154    0.005865    0.835728    1.111922    0.943094    1.018    2
      age[0]                   0.976958    0.001005    0.916615    1.039044    0.975175    1.000    2
      age[0]                   0.987721    0.000829    0.929850    1.044588    0.987988    1.033    2
      age[0]                   0.995329    0.000563    0.961070    1.046694    0.989905    1.043    2
      age[0]                  1.009673    0.002549    0.919619    1.118956    1.004590    1.000    2
      age[0]                  0.877829    0.015729    0.656610    1.130665    0.865551    1.000    2
      age[0]                  0.982712    0.000633    0.951795    1.028529    0.977094    1.001    2
      age[0]                   1.001960    0.000842    0.947650    1.060553    0.999722    1.006    2
      age[0]                  1.005642    0.000697    0.979084    1.058432    0.998273    1.000    2
      age[0]                  0.916181    0.002112    0.831806    1.008635    0.911755    1.007    2
      age[0]                  1.036075    0.002282    0.946506    1.130800    1.031352    1.003    2
      age[0]                   0.960022    0.001147    0.901534    1.025184    0.955602    1.005    2
      age[0]                  0.908534    0.002019    0.825657    0.996184    0.904989    1.001    2
      age[0]                  0.923482    0.001419    0.853249    0.999601    0.920787    1.006    2
      age[0]                  0.959251    0.001357    0.887529    1.030052    0.957703    1.006    2
      age[0]                  0.929149    0.003104    0.827527    1.043156    0.924267    1.000    2
      age[0]                   0.989262    0.002181    0.903039    1.078223    0.983781    1.003    2
      age[0]                   0.977899    0.001201    0.914116    1.046646    0.975339    1.006    2
      age[0]                   0.970712    0.001633    0.914774    1.042459    0.965653    1.030    2
      age[0]                  1.001569    0.000563    0.957127    1.048373    1.000138    1.000    2
      age[0]                  0.998692    0.000676    0.970761    1.050525    0.991212    1.000    2
      age[0]                   0.984273    0.000559    0.938193    1.030408    0.983035    1.005    2
      age[0]                  0.991016    0.000792    0.937868    1.046256    0.988150    1.000    2
      age[0]                  0.990790    0.002086    0.909943    1.085256    0.985540    1.002    2
      age[0]                  0.906475    0.000483    0.877915    0.940210    0.902229    1.002    2
      age[0]                  1.001291    0.000650    0.966217    1.051010    0.994667    1.000    2
      age[0]                  0.992898    0.000642    0.944848    1.044642    0.991217    1.000    2
      age[0]                   1.007034    0.002062    0.930126    1.106478    1.000370    1.023    2
      age[0]                  0.993757    0.001825    0.914084    1.076849    0.990211    1.003    2
      age[0]                   0.910551    0.003343    0.807854    1.027979    0.903320    1.052    2
      age[0]                   0.984710    0.000930    0.929185    1.045789    0.982275    1.001    2
      age[0]                   0.979720    0.000284    0.949754    1.012188    0.977680    1.000    2
      age[0]                  1.005627    0.000899    0.951098    1.067758    1.002642    1.007    2
      age[0]                   1.001828    0.000824    0.947295    1.060569    0.999872    1.009    2
      age[0]                  0.986877    0.001411    0.917652    1.053142    0.983641    1.000    2
      age[0]                  0.989261    0.000295    0.957336    1.021975    0.987577    1.000    2
      age[0]                   0.996396    0.000431    0.956715    1.036787    0.994688    1.000    2
      age[0]                  0.955098    0.000541    0.911975    1.000971    0.951957    1.001    2
      age[0]                  0.987209    0.005668    0.856916    1.135259    0.978504    1.002    2
      age[0]                  0.957181    0.003337    0.844408    1.065428    0.953104    1.003    2
      age[0]                  0.886762    0.002685    0.777146    0.984821    0.887500    1.004    2
      age[0]                  0.973448    0.000667    0.926093    1.021394    0.971225    1.001    2
      age[0]                  1.014381    0.001608    0.966028    1.094388    1.003271    1.001    2
      age[0]                   0.975178    0.001102    0.929513    1.036476    0.968618    1.023    2
      age[0]                  0.958396    0.001693    0.881099    1.040765    0.956036    1.001    2
      age[0]                  0.964989    0.001005    0.904072    1.028478    0.963499    1.000    2
      age[0]                   0.994587    0.000922    0.936558    1.050135    0.993091    1.002    2
      age[0]                  0.984673    0.000718    0.956538    1.033978    0.977429    1.000    2
      age[0]                   0.985192    0.002329    0.901489    1.094680    0.979027    1.059    2
      age[0]                  1.012836    0.000661    0.964624    1.064491    1.010615    1.008    2
      age[0]                   0.977121    0.001591    0.907075    1.053736    0.973937    1.087    2
      age[0]                   0.949757    0.000754    0.898460    0.996640    0.947659    1.004    2
      age[0]                   1.018190    0.001795    0.938974    1.102975    1.015540    1.002    2
      age[0]                  1.003827    0.006716    0.858697    1.175536    0.997553    1.001    2
      age[0]                  0.963792    0.001015    0.909775    1.028810    0.958638    1.001    2
      age[0]                  0.978559    0.001715    0.900190    1.060931    0.975158    1.003    2
      age[0]                  0.985177    0.000807    0.932559    1.043085    0.983449    1.000    2
      age[0]                   1.011531    0.001302    0.945617    1.083226    1.010244    1.050    2
      age[0]                  1.025954    0.001684    0.949689    1.105018    1.022155    1.017    2
      age[0]                   0.967333    0.000971    0.912352    1.032801    0.963472    1.001    2
      age[0]                  0.951590    0.002368    0.862458    1.050890    0.948082    1.000    2
      age[0]                  0.970675    0.000730    0.923269    1.025782    0.967545    1.012    2
      age[0]                  0.913057    0.012553    0.792186    1.127228    0.884869    1.001    2
      age[0]                   1.048167    0.002674    0.942555    1.141289    1.046304    1.041    2
      age[0]                  1.011989    0.001013    0.952582    1.075272    1.009575    1.000    2
      age[0]                   0.968712    0.000486    0.928983    1.012910    0.966933    1.009    2
      age[0]                  1.065311    0.002450    0.972439    1.167159    1.061784    1.003    2
      age[0]                   0.851797    0.001433    0.773005    0.928956    0.850622    1.003    2
      age[0]                   1.022121    0.003317    0.927001    1.138064    1.014889    1.046    2
      age[0]                   1.021224    0.003013    0.925967    1.122130    1.014824    1.012    2
      age[0]                  0.854789    0.001843    0.776144    0.939138    0.850972    1.004    2
      age[0]                  1.044309    0.003235    0.940621    1.161465    1.040479    1.001    2
      age[0]                  0.985298    0.000733    0.933467    1.039029    0.983108    1.000    2
      age[0]                  0.826077    0.008938    0.652016    1.013776    0.818517    1.005    2
      age[0]                  0.971306    0.001453    0.905141    1.042258    0.966437    1.000    2
      age[0]                  1.009328    0.002248    0.923413    1.104764    1.006036    1.001    2
      age[0]                  0.945345    0.001701    0.868372    1.029875    0.942925    1.005    2
      age[0]                   1.008594    0.000882    0.955300    1.068547    1.005295    1.000    2
      age[0]                  1.022177    0.003322    0.918028    1.127142    1.016986    1.058    2
      age[0]                   0.990762    0.001517    0.914802    1.069710    0.988906    1.001    2
      age[0]                  0.924765    0.001531    0.861452    1.002881    0.917454    1.003    2
      age[0]                   0.986965    0.001532    0.914586    1.067527    0.984426    1.000    2
      age[0]                   0.976154    0.000569    0.943431    1.007726    0.973280    1.011    2
      age[0]                  0.986107    0.000373    0.950068    1.023456    0.984696    1.009    2
      age[0]                  0.999391    0.000288    0.968878    1.033708    0.997542    1.004    2
      age[0]                   0.920605    0.002103    0.839885    1.010583    0.915644    1.001    2
      age[0]                  0.961001    0.007380    0.800033    1.118178    0.955851    1.013    2
